lol
"{'id': 4353, 'name': 'What will be the balance of power in Congress after the 2020 election?', 'shortName': 'Balance of power after 2020 election?', 'image': 'https://az620379.vo.msecnd.net/images/Markets/7027a7c9-a9a3-41a0-b81b-aa6df7b9fbc1.png', 'url': 'https://www.predictit.org/markets/detail/4353/What-will-be-the-balance-of-power-in-Congress-after-the-2020-election', 'contracts': [{'id': 10414, 'dateEnd': '2021-01-21T00:00:00', 'image': 'https://az620379.vo.msecnd.net/images/Contracts/small_d31d5a5d-2dd4-4097-ba5c-653e93a328ca.png', 'name': 'D House, R Senate', 'shortName': 'D House, R Senate', 'status': 'Open', 'lastTradePrice': 0.52, 'bestBuyYesCost': 0.52, 'bestBuyNoCost': 0.49, 'bestSellYesCost': 0.51, 'bestSellNoCost': 0.48, 'lastClosePrice': 0.51, 'displayOrder': 0}, {'id': 10413, 'dateEnd': '2021-01-21T00:00:00', 'image': 'https://az620379.vo.msecnd.net/images/Contracts/small_ab6d2777-67c1-4cf1-a993-400d06c7bf38.png', 'name': 'D House, D Senate', 'shortName': 'D House, D Senate', 'status': 'Open', 'lastTradePrice': 0.46, 'bestBuyYesCost': 0.46, 'bestBuyNoCost': 0.55, 'bestSellYesCost': 0.45, 'bestSellNoCost': 0.54, 'lastClosePrice': 0.46, 'displayOrder': 0}, {'id': 10415, 'dateEnd': '2021-01-21T00:00:00', 'image': 'https://az620379.vo.msecnd.net/images/Contracts/small_d9fa8c2a-a5c9-4b88-87dd-579639d6ed43.png', 'name': 'R House, R Senate', 'shortName': 'R House, R Senate', 'status': 'Open', 'lastTradePrice': 0.01, 'bestBuyYesCost': 0.02, 'bestBuyNoCost': 0.99, 'bestSellYesCost': 0.01, 'bestSellNoCost': 0.98, 'lastClosePrice': 0.01, 'displayOrder': 0}, {'id': 10416, 'dateEnd': '2021-01-21T00:00:00', 'image': 'https://az620379.vo.msecnd.net/images/Contracts/small_cca486cb-dd0c-4b97-85c8-55c254351569.png', 'name': 'R House, D Senate', 'shortName': 'R House, D Senate', 'status': 'Open', 'lastTradePrice': 0.01, 'bestBuyYesCost': 0.01, 'bestBuyNoCost': None, 'bestSellYesCost': None, 'bestSellNoCost': 0.99, 'lastClosePrice': 0.01, 'displayOrder': 0}], 'timeStamp': '2021-01-17T10:27:54.1895544', 'status': 'Open'}"
"{'id': 4366, 'name': 'Which party will control the Senate after 2020 election?', 'shortName': 'Who will control the Senate after 2020?', 'image': 'https://az620379.vo.msecnd.net/images/Markets/a6a32672-16f1-4901-8b02-7796d66aaa4f.png', 'url': 'https://www.predictit.org/markets/detail/4366/Which-party-will-control-the-Senate-after-2020-election', 'contracts': [{'id': 10462, 'dateEnd': '2021-01-31T23:59:00', 'image': 'https://az620379.vo.msecnd.net/images/Contracts/small_29b55b5a-6faf-4041-8b21-ab27421d0ade.png', 'name': 'Democratic', 'shortName': 'Democratic', 'status': 'Open', 'lastTradePrice': 0.97, 'bestBuyYesCost': 0.97, 'bestBuyNoCost': 0.04, 'bestSellYesCost': 0.96, 'bestSellNoCost': 0.03, 'lastClosePrice': 0.96, 'displayOrder': 0}, {'id': 10464, 'dateEnd': '2021-01-31T23:59:00', 'image': 'https://az620379.vo.msecnd.net/images/Contracts/small_77aea45d-8c93-46d6-b338-43a6af0ba8e1.png', 'name': 'Republican', 'shortName': 'Republican', 'status': 'Open', 'lastTradePrice': 0.04, 'bestBuyYesCost': 0.05, 'bestBuyNoCost': 0.96, 'bestSellYesCost': 0.04, 'bestSellNoCost': 0.95, 'lastClosePrice': 0.05, 'displayOrder': 0}], 'timeStamp': '2021-01-17T10:27:54.1895544', 'status': 'Open'}"
"{'id': 5158, 'name': 'Will Donald Trump complete his first term?', 'shortName': 'Will Trump complete his first term?', 'image': 'https://az620379.vo.msecnd.net/images/Markets/fd817417-fe21-41ff-97d5-f1608595e326.jpg', 'url': 'https://www.predictit.org/markets/detail/5158/Will-Donald-Trump-complete-his-first-term', 'contracts': [{'id': 13817, 'dateEnd': '2021-01-20T12:00:00', 'image': 'https://az620379.vo.msecnd.net/images/Contracts/small_fd817417-fe21-41ff-97d5-f1608595e326.jpg', 'name': 'Will Donald Trump complete his first term?', 'shortName': 'Will Trump complete his first term?', 'status': 'Open', 'lastTradePrice': 0.95, 'bestBuyYesCost': 0.95, 'bestBuyNoCost': 0.06, 'bestSellYesCost': 0.94, 'bestSellNoCost': 0.05, 'lastClosePrice': 0.95, 'displayOrder': 0}], 'timeStamp': '2021-01-17T10:27:54.1895544', 'status': 'Open'}"
"{'id': 5665, 'name': 'Will Trump pardon Jeffrey Epstein by Jan. 20, 2021?', 'shortName': 'Epstein pardon in Trump’s first term?', 'image': 'https://az620379.vo.msecnd.net/images/Markets/5acb2d64-f4b2-4183-a12c-3518df53f771.png', 'url': 'https://www.predictit.org/markets/detail/5665/Will-Trump-pardon-Jeffrey-Epstein-by-Jan-20,-2021', 'contracts': [{'id': 16337, 'dateEnd': 'N/A', 'image': 'https://az620379.vo.msecnd.net/images/Contracts/small_5acb2d64-f4b2-4183-a12c-3518df53f771.png', 'name': 'Will Trump pardon Jeffrey Epstein by Jan. 20, 2021?', 'shortName': 'Epstein pardon by 1/20/21?', 'status': 'Open', 'lastTradePrice': 0.01, 'bestBuyYesCost': 0.02, 'bestBuyNoCost': 0.99, 'bestSellYesCost': 0.01, 'bestSellNoCost': 0.98, 'lastClosePrice': 0.01, 'displayOrder': 0}], 'timeStamp': '2021-01-17T10:27:54.1895544', 'status': 'Open'}"
"{'id': 5717, 'name': 'Which of these 5 European leaders will leave office next?', 'shortName': 'Next European leader out?', 'image': 'https://az620379.vo.msecnd.net/images/Markets/4fd44fc7-8e2f-4cb2-85ed-092ce27be1ec.png', 'url': 'https://www.predictit.org/markets/detail/5717/Which-of-these-5-European-leaders-will-leave-office-next', 'contracts': [{'id': 16585, 'dateEnd': 'N/A', 'image': 'https://az620379.vo.msecnd.net/images/Contracts/small_cfdc4a87-3d9c-4290-9cf7-3e0b7f314913.png', 'name': 'Conte, PM Italy', 'shortName': 'Conte', 'status': 'Open', 'lastTradePrice': 0.47, 'bestBuyYesCost': 0.52, 'bestBuyNoCost': 0.53, 'bestSellYesCost': 0.47, 'bestSellNoCost': 0.48, 'lastClosePrice': 0.52, 'displayOrder': 0}, {'id': 16584, 'dateEnd': 'N/A', 'image': 'https://az620379.vo.msecnd.net/images/Contracts/small_a5d8a2f3-073f-4c23-8260-dc78f8bd4e24.png', 'name': 'Merkel, Ch. Germany', 'shortName': 'Merkel', 'status': 'Open', 'lastTradePrice': 0.39, 'bestBuyYesCost': 0.39, 'bestBuyNoCost': 0.62, 'bestSellYesCost': 0.38, 'bestSellNoCost': 0.61, 'lastClosePrice': 0.41, 'displayOrder': 0}, {'id': 16587, 'dateEnd': 'N/A', 'image': 'https://az620379.vo.msecnd.net/images/Contracts/small_5c0bfdef-a571-4092-89ee-d3c2d728eea0.png', 'name': 'Johnson, PM UK', 'shortName': 'Johnson', 'status': 'Open', 'lastTradePrice': 0.07, 'bestBuyYesCost': 0.08, 'bestBuyNoCost': 0.93, 'bestSellYesCost': 0.07, 'bestSellNoCost': 0.92, 'lastClosePrice': 0.07, 'displayOrder': 0}, {'id': 16583, 'dateEnd': 'N/A', 'image': 'https://az620379.vo.msecnd.net/images/Contracts/small_1ac8205b-16e6-45e0-a9dd-3462a2f3ad5c.png', 'name': 'Macron, Pres. France', 'shortName': 'Macron', 'status': 'Open', 'lastTradePrice': 0.02, 'bestBuyYesCost': 0.03, 'bestBuyNoCost': 0.98, 'bestSellYesCost': 0.02, 'bestSellNoCost': 0.97, 'lastClosePrice': 0.02, 'displayOrder': 0}, {'id': 16586, 'dateEnd': 'N/A', 'image': 'https://az620379.vo.msecnd.net/images/Contracts/small_6107b9b9-0f26-455d-abea-9f89194ace09.png', 'name': 'Sánchez, PM Spain', 'shortName': 'Sánchez', 'status': 'Open', 'lastTradePrice': 0.02, 'bestBuyYesCost': 0.03, 'bestBuyNoCost': 0.98, 'bestSellYesCost': 0.02, 'bestSellNoCost': 0.97, 'lastClosePrice': 0.02, 'displayOrder': 0}], 'timeStamp': '2021-01-17T10:27:54.1895544', 'status': 'Open'}"
"{'id': 5914, 'name': 'Will the Senate convict Donald Trump on impeachment in his first term?', 'shortName': 'Senate convict Trump in 1st term?', 'image': 'https://az620379.vo.msecnd.net/images/Markets/db58b806-371f-4a71-9255-43cef921d5f3.jpg', 'url': 'https://www.predictit.org/markets/detail/5914/Will-the-Senate-convict-Donald-Trump-on-impeachment-in-his-first-term', 'contracts': [{'id': 17679, 'dateEnd': '2021-01-20T23:59:00', 'image': 'https://az620379.vo.msecnd.net/images/Contracts/small_db58b806-371f-4a71-9255-43cef921d5f3.jpg', 'name': 'Will the Senate convict Donald Trump on impeachment in his first term?', 'shortName': 'Senate convict Trump in 1st term?', 'status': 'Open', 'lastTradePrice': 0.01, 'bestBuyYesCost': 0.02, 'bestBuyNoCost': 0.99, 'bestSellYesCost': 0.01, 'bestSellNoCost': 0.98, 'lastClosePrice': 0.01, 'displayOrder': 0}], 'timeStamp': '2021-01-17T10:27:54.1895544', 'status': 'Open'}"
"{'id': 6008, 'name': 'Will Trump resign during his first term?', 'shortName': 'Trump resign in 1st term?', 'image': 'https://az620379.vo.msecnd.net/images/Markets/8ca85dbc-f4a1-480d-b4e3-cdabd047ba7b.jpg', 'url': 'https://www.predictit.org/markets/detail/6008/Will-Trump-resign-during-his-first-term', 'contracts': [{'id': 18254, 'dateEnd': '2021-01-20T23:59:00', 'image': 'https://az620379.vo.msecnd.net/images/Contracts/small_8ca85dbc-f4a1-480d-b4e3-cdabd047ba7b.jpg', 'name': 'Will Trump resign during his first term?', 'shortName': 'Trump resign in 1st term?', 'status': 'Open', 'lastTradePrice': 0.04, 'bestBuyYesCost': 0.05, 'bestBuyNoCost': 0.96, 'bestSellYesCost': 0.04, 'bestSellNoCost': 0.95, 'lastClosePrice': 0.04, 'displayOrder': 0}], 'timeStamp': '2021-01-17T10:27:54.1895544', 'status': 'Open'}"
"{'id': 6020, 'name': 'Will Trump pardon Rudy Giuliani before end of 2020?', 'shortName': 'Giuliani pardon before end of 2020?', 'image': 'https://az620379.vo.msecnd.net/images/Markets/32dab055-c835-4e7a-b917-bae7a36ecdce.jpg', 'url': 'https://www.predictit.org/markets/detail/6020/Will-Trump-pardon-Rudy-Giuliani-before-end-of-2020', 'contracts': [{'id': 18298, 'dateEnd': '2021-02-01T23:59:00', 'image': 'https://az620379.vo.msecnd.net/images/Contracts/small_32dab055-c835-4e7a-b917-bae7a36ecdce.jpg', 'name': 'Will Trump pardon Rudy Giuliani before end of 2020?', 'shortName': 'Giuliani pardon before end of 2020?', 'status': 'Open', 'lastTradePrice': 0.03, 'bestBuyYesCost': 0.03, 'bestBuyNoCost': 0.98, 'bestSellYesCost': 0.02, 'bestSellNoCost': 0.97, 'lastClosePrice': 0.02, 'displayOrder': 0}], 'timeStamp': '2021-01-17T10:27:54.1895544', 'status': 'Open'}"
"{'id': 6453, 'name': 'Will Trump pardon himself in his first term?', 'shortName': 'Trump self-pardon in his first term?', 'image': 'https://az620379.vo.msecnd.net/images/Markets/8ca85dbc-f4a1-480d-b4e3-cdabd047ba7b.jpg', 'url': 'https://www.predictit.org/markets/detail/6453/Will-Trump-pardon-himself-in-his-first-term', 'contracts': [{'id': 21273, 'dateEnd': '2021-02-15T23:59:00', 'image': 'https://az620379.vo.msecnd.net/images/Contracts/small_8ca85dbc-f4a1-480d-b4e3-cdabd047ba7b.jpg', 'name': 'Will Trump pardon himself in his first term?', 'shortName': 'Trump self-pardon in his first term?', 'status': 'Open', 'lastTradePrice': 0.39, 'bestBuyYesCost': 0.39, 'bestBuyNoCost': 0.62, 'bestSellYesCost': 0.38, 'bestSellNoCost': 0.61, 'lastClosePrice': 0.4, 'displayOrder': 0}], 'timeStamp': '2021-01-17T10:27:54.1895544', 'status': 'Open'}"
"{'id': 6663, 'name': 'What will be the popular vote margin in the 2020 presidential election?', 'shortName': 'Popular Vote margin of victory?', 'image': 'https://az620379.vo.msecnd.net/images/Markets/ba72f927-6002-4f88-b959-ed096a4bb9e0.jpg', 'url': 'https://www.predictit.org/markets/detail/6663/What-will-be-the-popular-vote-margin-in-the-2020-presidential-election', 'contracts': [{'id': 22395, 'dateEnd': 'NA', 'image': 'https://az620379.vo.msecnd.net/images/Contracts/small_0876890d-22c8-4a07-b9dd-7719754eee7e.jpg', 'name': 'GOP by 10.5% or more', 'shortName': 'GOP by 10.5%+', 'status': 'Open', 'lastTradePrice': 0.03, 'bestBuyYesCost': 0.04, 'bestBuyNoCost': 0.97, 'bestSellYesCost': 0.03, 'bestSellNoCost': 0.96, 'lastClosePrice': 0.03, 'displayOrder': 0}, {'id': 22404, 'dateEnd': 'NA', 'image': 'https://az620379.vo.msecnd.net/images/Contracts/small_0876890d-22c8-4a07-b9dd-7719754eee7e.jpg', 'name': 'GOP by 9.0% - 10.5%', 'shortName': 'GOP by 9% - 10.5%', 'status': 'Open', 'lastTradePrice': 0.01, 'bestBuyYesCost': 0.01, 'bestBuyNoCost': None, 'bestSellYesCost': None, 'bestSellNoCost': 0.99, 'lastClosePrice': 0.01, 'displayOrder': 1}, {'id': 22402, 'dateEnd': 'NA', 'image': 'https://az620379.vo.msecnd.net/images/Contracts/small_0876890d-22c8-4a07-b9dd-7719754eee7e.jpg', 'name': 'GOP by 7.5% - 9.0%', 'shortName': 'GOP by 7.5% - 9%', 'status': 'Open', 'lastTradePrice': 0.01, 'bestBuyYesCost': 0.02, 'bestBuyNoCost': None, 'bestSellYesCost': None, 'bestSellNoCost': 0.98, 'lastClosePrice': 0.01, 'displayOrder': 2}, {'id': 22400, 'dateEnd': 'NA', 'image': 'https://az620379.vo.msecnd.net/images/Contracts/small_0876890d-22c8-4a07-b9dd-7719754eee7e.jpg', 'name': 'GOP by 6.0% - 7.5%', 'shortName': 'GOP by 6% - 7.5%', 'status': 'Open', 'lastTradePrice': 0.01, 'bestBuyYesCost': 0.01, 'bestBuyNoCost': None, 'bestSellYesCost': None, 'bestSellNoCost': 0.99, 'lastClosePrice': 0.01, 'displayOrder': 3}, {'id': 22394, 'dateEnd': 'NA', 'image': 'https://az620379.vo.msecnd.net/images/Contracts/small_0876890d-22c8-4a07-b9dd-7719754eee7e.jpg', 'name': 'GOP by 4.5% - 6.0%', 'shortName': 'GOP by 4.5% - 6%', 'status': 'Open', 'lastTradePrice': 0.01, 'bestBuyYesCost': 0.01, 'bestBuyNoCost': None, 'bestSellYesCost': None, 'bestSellNoCost': 0.99, 'lastClosePrice': 0.01, 'displayOrder': 4}, {'id': 22392, 'dateEnd': 'NA', 'image': 'https://az620379.vo.msecnd.net/images/Contracts/small_0876890d-22c8-4a07-b9dd-7719754eee7e.jpg', 'name': 'GOP by 3.0% - 4.5%', 'shortName': 'GOP by 3% - 4.5%', 'status': 'Open', 'lastTradePrice': 0.01, 'bestBuyYesCost': 0.02, 'bestBuyNoCost': 0.99, 'bestSellYesCost': 0.01, 'bestSellNoCost': 0.98, 'lastClosePrice': 0.01, 'displayOrder': 5}, {'id': 22391, 'dateEnd': 'NA', 'image': 'https://az620379.vo.msecnd.net/images/Contracts/small_0876890d-22c8-4a07-b9dd-7719754eee7e.jpg', 'name': 'GOP by 1.5% - 3.0%', 'shortName': 'GOP by 1.5% - 3%', 'status': 'Open', 'lastTradePrice': 0.01, 'bestBuyYesCost': 0.01, 'bestBuyNoCost': None, 'bestSellYesCost': None, 'bestSellNoCost': 0.99, 'lastClosePrice': 0.01, 'displayOrder': 6}, {'id': 22390, 'dateEnd': 'NA', 'image': 'https://az620379.vo.msecnd.net/images/Contracts/small_0876890d-22c8-4a07-b9dd-7719754eee7e.jpg', 'name': 'GOP,  less than 1.5%', 'shortName': 'GOP by 1.5%-', 'status': 'Open', 'lastTradePrice': 0.01, 'bestBuyYesCost': 0.01, 'bestBuyNoCost': None, 'bestSellYesCost': None, 'bestSellNoCost': 0.99, 'lastClosePrice': 0.01, 'displayOrder': 7}, {'id': 22396, 'dateEnd': 'NA', 'image': 'https://az620379.vo.msecnd.net/images/Contracts/small_34d54d67-380f-474a-85e1-b8e764160897.jpg', 'name': 'Dems, less than 1.5%', 'shortName': 'Dems by 1.5%-', 'status': 'Open', 'lastTradePrice': 0.01, 'bestBuyYesCost': 0.01, 'bestBuyNoCost': None, 'bestSellYesCost': None, 'bestSellNoCost': 0.99, 'lastClosePrice': 0.01, 'displayOrder': 8}, {'id': 22397, 'dateEnd': 'NA', 'image': 'https://az620379.vo.msecnd.net/images/Contracts/small_34d54d67-380f-474a-85e1-b8e764160897.jpg', 'name': 'Dems by 1.5% - 3.0%', 'shortName': 'Dems by 1.5% - 3%', 'status': 'Open', 'lastTradePrice': 0.01, 'bestBuyYesCost': 0.01, 'bestBuyNoCost': None, 'bestSellYesCost': None, 'bestSellNoCost': 0.99, 'lastClosePrice': 0.01, 'displayOrder': 9}, {'id': 22398, 'dateEnd': 'NA', 'image': 'https://az620379.vo.msecnd.net/images/Contracts/small_34d54d67-380f-474a-85e1-b8e764160897.jpg', 'name': 'Dems by 3.0% - 4.5%', 'shortName': 'Dems by 3% - 4.5%', 'status': 'Open', 'lastTradePrice': 0.95, 'bestBuyYesCost': 0.95, 'bestBuyNoCost': 0.06, 'bestSellYesCost': 0.94, 'bestSellNoCost': 0.05, 'lastClosePrice': 0.95, 'displayOrder': 10}, {'id': 22393, 'dateEnd': 'NA', 'image': 'https://az620379.vo.msecnd.net/images/Contracts/small_34d54d67-380f-474a-85e1-b8e764160897.jpg', 'name': 'Dems by 4.5% - 6.0%', 'shortName': 'Dems by 4.5% - 6%', 'status': 'Open', 'lastTradePrice': 0.01, 'bestBuyYesCost': 0.01, 'bestBuyNoCost': None, 'bestSellYesCost': None, 'bestSellNoCost': 0.99, 'lastClosePrice': 0.01, 'displayOrder': 11}, {'id': 22401, 'dateEnd': 'NA', 'image': 'https://az620379.vo.msecnd.net/images/Contracts/small_34d54d67-380f-474a-85e1-b8e764160897.jpg', 'name': 'Dems by 6.0% - 7.5%', 'shortName': 'Dems by 6% - 7.5%', 'status': 'Open', 'lastTradePrice': 0.01, 'bestBuyYesCost': 0.01, 'bestBuyNoCost': None, 'bestSellYesCost': None, 'bestSellNoCost': 0.99, 'lastClosePrice': 0.01, 'displayOrder': 12}, {'id': 22403, 'dateEnd': 'NA', 'image': 'https://az620379.vo.msecnd.net/images/Contracts/small_34d54d67-380f-474a-85e1-b8e764160897.jpg', 'name': 'Dems by 7.5% - 9.0%', 'shortName': 'Dems by 7.5% - 9%', 'status': 'Open', 'lastTradePrice': 0.01, 'bestBuyYesCost': 0.01, 'bestBuyNoCost': None, 'bestSellYesCost': None, 'bestSellNoCost': 0.99, 'lastClosePrice': 0.01, 'displayOrder': 13}, {'id': 22405, 'dateEnd': 'NA', 'image': 'https://az620379.vo.msecnd.net/images/Contracts/small_34d54d67-380f-474a-85e1-b8e764160897.jpg', 'name': 'Dems by 9.0% - 10.5%', 'shortName': 'Dems by 9% -10.5%', 'status': 'Open', 'lastTradePrice': 0.01, 'bestBuyYesCost': 0.01, 'bestBuyNoCost': None, 'bestSellYesCost': None, 'bestSellNoCost': 0.99, 'lastClosePrice': 0.01, 'displayOrder': 14}, {'id': 22399, 'dateEnd': 'NA', 'image': 'https://az620379.vo.msecnd.net/images/Contracts/small_34d54d67-380f-474a-85e1-b8e764160897.jpg', 'name': 'Dems, 10.5% or more', 'shortName': 'Dems by 10.5%+', 'status': 'Open', 'lastTradePrice': 0.01, 'bestBuyYesCost': 0.01, 'bestBuyNoCost': None, 'bestSellYesCost': None, 'bestSellNoCost': 0.99, 'lastClosePrice': 0.01, 'displayOrder': 15}], 'timeStamp': '2021-01-17T10:27:54.1895544', 'status': 'Open'}"
"{'id': 6670, 'name': 'What will be the net change in Senate seats, by party?', 'shortName': 'Net change in Senate seats?', 'image': 'https://az620379.vo.msecnd.net/images/Markets/062e5656-b29e-4baa-8bc8-3d7dc0e0ccb4.jpg', 'url': 'https://www.predictit.org/markets/detail/6670/What-will-be-the-net-change-in-Senate-seats,-by-party', 'contracts': [{'id': 22465, 'dateEnd': 'NA', 'image': 'https://az620379.vo.msecnd.net/images/Contracts/small_0876890d-22c8-4a07-b9dd-7719754eee7e.jpg', 'name': 'GOP +4 or more', 'shortName': 'GOP +4 or more', 'status': 'Open', 'lastTradePrice': 0.01, 'bestBuyYesCost': 0.01, 'bestBuyNoCost': None, 'bestSellYesCost': None, 'bestSellNoCost': 0.99, 'lastClosePrice': 0.01, 'displayOrder': 0}, {'id': 22470, 'dateEnd': 'NA', 'image': 'https://az620379.vo.msecnd.net/images/Contracts/small_0876890d-22c8-4a07-b9dd-7719754eee7e.jpg', 'name': 'GOP +3', 'shortName': 'GOP +3', 'status': 'Open', 'lastTradePrice': 0.01, 'bestBuyYesCost': 0.01, 'bestBuyNoCost': None, 'bestSellYesCost': None, 'bestSellNoCost': 0.99, 'lastClosePrice': 0.01, 'displayOrder': 1}, {'id': 22469, 'dateEnd': 'NA', 'image': 'https://az620379.vo.msecnd.net/images/Contracts/small_0876890d-22c8-4a07-b9dd-7719754eee7e.jpg', 'name': 'GOP +2', 'shortName': 'GOP +2', 'status': 'Open', 'lastTradePrice': 0.01, 'bestBuyYesCost': 0.01, 'bestBuyNoCost': None, 'bestSellYesCost': None, 'bestSellNoCost': 0.99, 'lastClosePrice': 0.01, 'displayOrder': 2}, {'id': 22464, 'dateEnd': 'NA', 'image': 'https://az620379.vo.msecnd.net/images/Contracts/small_0876890d-22c8-4a07-b9dd-7719754eee7e.jpg', 'name': 'GOP +1', 'shortName': 'GOP +1', 'status': 'Open', 'lastTradePrice': 0.01, 'bestBuyYesCost': 0.01, 'bestBuyNoCost': None, 'bestSellYesCost': None, 'bestSellNoCost': 0.99, 'lastClosePrice': 0.01, 'displayOrder': 3}, {'id': 22462, 'dateEnd': 'NA', 'image': 'https://az620379.vo.msecnd.net/images/Contracts/small_92232a15-3098-46b6-90a6-b347afc81ec1.jpg', 'name': 'No Change', 'shortName': 'No Change', 'status': 'Open', 'lastTradePrice': 0.01, 'bestBuyYesCost': 0.01, 'bestBuyNoCost': None, 'bestSellYesCost': None, 'bestSellNoCost': 0.99, 'lastClosePrice': 0.01, 'displayOrder': 4}, {'id': 22461, 'dateEnd': 'NA', 'image': 'https://az620379.vo.msecnd.net/images/Contracts/small_34d54d67-380f-474a-85e1-b8e764160897.jpg', 'name': 'Democrats +1', 'shortName': 'Dems +1', 'status': 'Open', 'lastTradePrice': 0.01, 'bestBuyYesCost': 0.01, 'bestBuyNoCost': None, 'bestSellYesCost': None, 'bestSellNoCost': 0.99, 'lastClosePrice': 0.01, 'displayOrder': 5}, {'id': 22460, 'dateEnd': 'NA', 'image': 'https://az620379.vo.msecnd.net/images/Contracts/small_34d54d67-380f-474a-85e1-b8e764160897.jpg', 'name': 'Democrats +2', 'shortName': 'Dems +2', 'status': 'Open', 'lastTradePrice': 0.01, 'bestBuyYesCost': 0.01, 'bestBuyNoCost': None, 'bestSellYesCost': None, 'bestSellNoCost': 0.99, 'lastClosePrice': 0.01, 'displayOrder': 6}, {'id': 22466, 'dateEnd': 'NA', 'image': 'https://az620379.vo.msecnd.net/images/Contracts/small_34d54d67-380f-474a-85e1-b8e764160897.jpg', 'name': 'Democrats +3', 'shortName': 'Dems +3', 'status': 'Open', 'lastTradePrice': 0.97, 'bestBuyYesCost': 0.97, 'bestBuyNoCost': 0.04, 'bestSellYesCost': 0.96, 'bestSellNoCost': 0.03, 'lastClosePrice': 0.97, 'displayOrder': 7}, {'id': 22467, 'dateEnd': 'NA', 'image': 'https://az620379.vo.msecnd.net/images/Contracts/small_34d54d67-380f-474a-85e1-b8e764160897.jpg', 'name': 'Democrats +4', 'shortName': 'Dems +4', 'status': 'Open', 'lastTradePrice': 0.01, 'bestBuyYesCost': 0.01, 'bestBuyNoCost': None, 'bestSellYesCost': None, 'bestSellNoCost': 0.99, 'lastClosePrice': 0.01, 'displayOrder': 8}, {'id': 22468, 'dateEnd': 'NA', 'image': 'https://az620379.vo.msecnd.net/images/Contracts/small_34d54d67-380f-474a-85e1-b8e764160897.jpg', 'name': 'Democrats +5', 'shortName': 'Dems +5', 'status': 'Open', 'lastTradePrice': 0.01, 'bestBuyYesCost': 0.01, 'bestBuyNoCost': None, 'bestSellYesCost': None, 'bestSellNoCost': 0.99, 'lastClosePrice': 0.01, 'displayOrder': 9}, {'id': 22471, 'dateEnd': 'NA', 'image': 'https://az620379.vo.msecnd.net/images/Contracts/small_34d54d67-380f-474a-85e1-b8e764160897.jpg', 'name': 'Democrats +6', 'shortName': 'Dems +6', 'status': 'Open', 'lastTradePrice': 0.01, 'bestBuyYesCost': 0.01, 'bestBuyNoCost': None, 'bestSellYesCost': None, 'bestSellNoCost': 0.99, 'lastClosePrice': 0.01, 'displayOrder': 10}, {'id': 22463, 'dateEnd': 'NA', 'image': 'https://az620379.vo.msecnd.net/images/Contracts/small_34d54d67-380f-474a-85e1-b8e764160897.jpg', 'name': 'Democrats +7 or more', 'shortName': 'Dems +7 or more', 'status': 'Open', 'lastTradePrice': 0.01, 'bestBuyYesCost': 0.01, 'bestBuyNoCost': None, 'bestSellYesCost': None, 'bestSellNoCost': 0.99, 'lastClosePrice': 0.01, 'displayOrder': 11}], 'timeStamp': '2021-01-17T10:27:54.1895544', 'status': 'Open'}"
"{'id': 6737, 'name': 'Which U.S. Senate race will be won by the smallest margin?', 'shortName': 'Senate race with smallest MOV in 2020?', 'image': 'https://az620379.vo.msecnd.net/images/Markets/b26d8a6b-8cd8-46ca-b0f0-6ae17d345615.jpg', 'url': 'https://www.predictit.org/markets/detail/6737/Which-US-Senate-race-will-be-won-by-the-smallest-margin', 'contracts': [{'id': 22889, 'dateEnd': 'NA', 'image': 'https://az620379.vo.msecnd.net/images/Contracts/small_8159ec2a-6042-4fb7-8b93-76aaa79f192d.jpg', 'name': 'Georgia (Regular)', 'shortName': 'Georgia (Reg.)', 'status': 'Open', 'lastTradePrice': 0.98, 'bestBuyYesCost': 0.99, 'bestBuyNoCost': 0.02, 'bestSellYesCost': 0.98, 'bestSellNoCost': 0.01, 'lastClosePrice': 0.98, 'displayOrder': 0}, {'id': 22882, 'dateEnd': 'NA', 'image': 'https://az620379.vo.msecnd.net/images/Contracts/small_a7a0b3d8-60c8-4a91-8524-70bd44468167.jpg', 'name': 'Alabama', 'shortName': 'Alabama', 'status': 'Open', 'lastTradePrice': 0.01, 'bestBuyYesCost': 0.01, 'bestBuyNoCost': None, 'bestSellYesCost': None, 'bestSellNoCost': 0.99, 'lastClosePrice': 0.01, 'displayOrder': 0}, {'id': 22883, 'dateEnd': 'NA', 'image': 'https://az620379.vo.msecnd.net/images/Contracts/small_c119d1e4-c15f-46e8-aa8a-686df6a54fd1.jpg', 'name': 'Kansas', 'shortName': 'Kansas', 'status': 'Open', 'lastTradePrice': 0.01, 'bestBuyYesCost': 0.01, 'bestBuyNoCost': None, 'bestSellYesCost': None, 'bestSellNoCost': 0.99, 'lastClosePrice': 0.01, 'displayOrder': 0}, {'id': 22884, 'dateEnd': 'NA', 'image': 'https://az620379.vo.msecnd.net/images/Contracts/small_08c933df-9387-41bf-b4e3-c67d08c7b18c.jpg', 'name': 'North Carolina', 'shortName': 'North Carolina', 'status': 'Open', 'lastTradePrice': 0.01, 'bestBuyYesCost': 0.01, 'bestBuyNoCost': None, 'bestSellYesCost': None, 'bestSellNoCost': 0.99, 'lastClosePrice': 0.01, 'displayOrder': 0}, {'id': 22885, 'dateEnd': 'NA', 'image': 'https://az620379.vo.msecnd.net/images/Contracts/small_f5342a13-5b09-4927-9020-93953abfba30.jpg', 'name': 'New Mexico', 'shortName': 'New Mexico', 'status': 'Open', 'lastTradePrice': 0.01, 'bestBuyYesCost': 0.01, 'bestBuyNoCost': None, 'bestSellYesCost': None, 'bestSellNoCost': 0.99, 'lastClosePrice': 0.01, 'displayOrder': 0}, {'id': 22886, 'dateEnd': 'NA', 'image': 'https://az620379.vo.msecnd.net/images/Contracts/small_7479c4a3-63f5-40f3-be14-ad94a3cbfa99.jpg', 'name': 'Arizona', 'shortName': 'Arizona', 'status': 'Open', 'lastTradePrice': 0.01, 'bestBuyYesCost': 0.01, 'bestBuyNoCost': None, 'bestSellYesCost': None, 'bestSellNoCost': 0.99, 'lastClosePrice': 0.01, 'displayOrder': 0}, {'id': 22887, 'dateEnd': 'NA', 'image': 'https://az620379.vo.msecnd.net/images/Contracts/small_159a015e-9d7d-448a-90c4-f3fe8cb079da.jpg', 'name': 'Michigan', 'shortName': 'Michigan', 'status': 'Open', 'lastTradePrice': 0.01, 'bestBuyYesCost': 0.01, 'bestBuyNoCost': None, 'bestSellYesCost': None, 'bestSellNoCost': 0.99, 'lastClosePrice': 0.01, 'displayOrder': 0}, {'id': 22888, 'dateEnd': 'NA', 'image': 'https://az620379.vo.msecnd.net/images/Contracts/small_83d4ad9f-6948-462a-833f-6d7c667626e7.jpg', 'name': 'Colorado', 'shortName': 'Colorado', 'status': 'Open', 'lastTradePrice': 0.01, 'bestBuyYesCost': 0.01, 'bestBuyNoCost': None, 'bestSellYesCost': None, 'bestSellNoCost': 0.99, 'lastClosePrice': 0.01, 'displayOrder': 0}, {'id': 22890, 'dateEnd': 'NA', 'image': 'https://az620379.vo.msecnd.net/images/Contracts/small_b15e27fd-b07f-4d4a-9509-8d829d62ab44.jpg', 'name': 'Iowa', 'shortName': 'Iowa', 'status': 'Open', 'lastTradePrice': 0.01, 'bestBuyYesCost': 0.01, 'bestBuyNoCost': None, 'bestSellYesCost': None, 'bestSellNoCost': 0.99, 'lastClosePrice': 0.01, 'displayOrder': 0}, {'id': 22891, 'dateEnd': 'NA', 'image': 'https://az620379.vo.msecnd.net/images/Contracts/small_c3355422-15f2-4592-a592-404b5e56597e.jpg', 'name': 'Montana', 'shortName': 'Montana', 'status': 'Open', 'lastTradePrice': 0.01, 'bestBuyYesCost': 0.01, 'bestBuyNoCost': None, 'bestSellYesCost': None, 'bestSellNoCost': 0.99, 'lastClosePrice': 0.01, 'displayOrder': 0}, {'id': 22892, 'dateEnd': 'NA', 'image': 'https://az620379.vo.msecnd.net/images/Contracts/small_6d7d3f5e-23bc-45ca-887e-27ef3052dfef.jpg', 'name': 'Kentucky', 'shortName': 'Kentucky', 'status': 'Open', 'lastTradePrice': 0.01, 'bestBuyYesCost': 0.01, 'bestBuyNoCost': None, 'bestSellYesCost': None, 'bestSellNoCost': 0.99, 'lastClosePrice': 0.01, 'displayOrder': 0}, {'id': 22893, 'dateEnd': 'NA', 'image': 'https://az620379.vo.msecnd.net/images/Contracts/small_930016fa-bbdf-439a-9a58-455c8cad7ad5.jpg', 'name': 'Maine', 'shortName': 'Maine', 'status': 'Open', 'lastTradePrice': 0.01, 'bestBuyYesCost': 0.01, 'bestBuyNoCost': None, 'bestSellYesCost': None, 'bestSellNoCost': 0.99, 'lastClosePrice': 0.01, 'displayOrder': 0}, {'id': 22894, 'dateEnd': 'NA', 'image': 'https://az620379.vo.msecnd.net/images/Contracts/small_50d14075-b2b8-4b7a-a81b-66c51f892455.jpg', 'name': 'Minnesota', 'shortName': 'Minnesota', 'status': 'Open', 'lastTradePrice': 0.01, 'bestBuyYesCost': 0.01, 'bestBuyNoCost': None, 'bestSellYesCost': None, 'bestSellNoCost': 0.99, 'lastClosePrice': 0.01, 'displayOrder': 0}, {'id': 22895, 'dateEnd': 'NA', 'image': 'https://az620379.vo.msecnd.net/images/Contracts/small_fed6b26a-f3b2-4c53-b0f4-8ccff5e0538b.jpg', 'name': 'Texas', 'shortName': 'Texas', 'status': 'Open', 'lastTradePrice': 0.01, 'bestBuyYesCost': 0.01, 'bestBuyNoCost': None, 'bestSellYesCost': None, 'bestSellNoCost': 0.99, 'lastClosePrice': 0.01, 'displayOrder': 0}, {'id': 22896, 'dateEnd': 'NA', 'image': 'https://az620379.vo.msecnd.net/images/Contracts/small_3b4755b6-c691-438f-ba0b-68612b0f231c.jpg', 'name': 'South Carolina', 'shortName': 'South Carolina', 'status': 'Open', 'lastTradePrice': 0.01, 'bestBuyYesCost': 0.01, 'bestBuyNoCost': None, 'bestSellYesCost': None, 'bestSellNoCost': 0.99, 'lastClosePrice': 0.01, 'displayOrder': 0}, {'id': 22897, 'dateEnd': 'NA', 'image': 'https://az620379.vo.msecnd.net/images/Contracts/small_8159ec2a-6042-4fb7-8b93-76aaa79f192d.jpg', 'name': 'Georgia (Special)', 'shortName': 'Georgia (Spec.)', 'status': 'Open', 'lastTradePrice': 0.01, 'bestBuyYesCost': 0.01, 'bestBuyNoCost': None, 'bestSellYesCost': None, 'bestSellNoCost': 0.99, 'lastClosePrice': 0.01, 'displayOrder': 0}, {'id': 23444, 'dateEnd': 'NA', 'image': 'https://az620379.vo.msecnd.net/images/Contracts/small_93849bd9-97f9-45d0-8ebe-05afc0ea00a1.jpg', 'name': 'Alaska', 'shortName': 'Alaska', 'status': 'Open', 'lastTradePrice': 0.01, 'bestBuyYesCost': 0.01, 'bestBuyNoCost': None, 'bestSellYesCost': None, 'bestSellNoCost': 0.99, 'lastClosePrice': 0.01, 'displayOrder': 0}], 'timeStamp': '2021-01-17T10:27:54.1895544', 'status': 'Open'}"
"{'id': 6765, 'name': 'How many women will win election to the U.S. Senate in 2020?', 'shortName': 'Women elected to the Senate in 2020?', 'image': 'https://az620379.vo.msecnd.net/images/Markets/f3512817-9a07-4861-a68d-b83a971391fa.jpg', 'url': 'https://www.predictit.org/markets/detail/6765/How-many-women-will-win-election-to-the-US-Senate-in-2020', 'contracts': [{'id': 23081, 'dateEnd': 'NA', 'image': 'https://az620379.vo.msecnd.net/images/Contracts/small_f3512817-9a07-4861-a68d-b83a971391fa.jpg', 'name': '4 or fewer', 'shortName': '4 or fewer', 'status': 'Open', 'lastTradePrice': 0.01, 'bestBuyYesCost': 0.01, 'bestBuyNoCost': None, 'bestSellYesCost': None, 'bestSellNoCost': 0.99, 'lastClosePrice': 0.01, 'displayOrder': 0}, {'id': 23082, 'dateEnd': 'NA', 'image': 'https://az620379.vo.msecnd.net/images/Contracts/small_f3512817-9a07-4861-a68d-b83a971391fa.jpg', 'name': '5', 'shortName': '5', 'status': 'Open', 'lastTradePrice': 0.01, 'bestBuyYesCost': 0.01, 'bestBuyNoCost': None, 'bestSellYesCost': None, 'bestSellNoCost': 0.99, 'lastClosePrice': 0.01, 'displayOrder': 1}, {'id': 23083, 'dateEnd': 'NA', 'image': 'https://az620379.vo.msecnd.net/images/Contracts/small_f3512817-9a07-4861-a68d-b83a971391fa.jpg', 'name': '6', 'shortName': '6', 'status': 'Open', 'lastTradePrice': 0.01, 'bestBuyYesCost': 0.01, 'bestBuyNoCost': None, 'bestSellYesCost': None, 'bestSellNoCost': 0.99, 'lastClosePrice': 0.01, 'displayOrder': 2}, {'id': 23084, 'dateEnd': 'NA', 'image': 'https://az620379.vo.msecnd.net/images/Contracts/small_f3512817-9a07-4861-a68d-b83a971391fa.jpg', 'name': '7', 'shortName': '7', 'status': 'Open', 'lastTradePrice': 0.99, 'bestBuyYesCost': 0.99, 'bestBuyNoCost': 0.02, 'bestSellYesCost': 0.98, 'bestSellNoCost': 0.01, 'lastClosePrice': 0.99, 'displayOrder': 3}, {'id': 23085, 'dateEnd': 'NA', 'image': 'https://az620379.vo.msecnd.net/images/Contracts/small_f3512817-9a07-4861-a68d-b83a971391fa.jpg', 'name': '8', 'shortName': '8', 'status': 'Open', 'lastTradePrice': 0.01, 'bestBuyYesCost': 0.02, 'bestBuyNoCost': 0.99, 'bestSellYesCost': 0.01, 'bestSellNoCost': 0.98, 'lastClosePrice': 0.01, 'displayOrder': 4}, {'id': 23086, 'dateEnd': 'NA', 'image': 'https://az620379.vo.msecnd.net/images/Contracts/small_f3512817-9a07-4861-a68d-b83a971391fa.jpg', 'name': '9', 'shortName': '9', 'status': 'Open', 'lastTradePrice': 0.01, 'bestBuyYesCost': 0.01, 'bestBuyNoCost': None, 'bestSellYesCost': None, 'bestSellNoCost': 0.99, 'lastClosePrice': 0.01, 'displayOrder': 5}, {'id': 23087, 'dateEnd': 'NA', 'image': 'https://az620379.vo.msecnd.net/images/Contracts/small_f3512817-9a07-4861-a68d-b83a971391fa.jpg', 'name': '10 or more', 'shortName': '10 or more', 'status': 'Open', 'lastTradePrice': 0.01, 'bestBuyYesCost': 0.01, 'bestBuyNoCost': None, 'bestSellYesCost': None, 'bestSellNoCost': 0.99, 'lastClosePrice': 0.01, 'displayOrder': 6}], 'timeStamp': '2021-01-17T10:27:54.1895544', 'status': 'Open'}"
"{'id': 6770, 'name': 'Will Democrats win the White House, Senate and House in 2020?', 'shortName': 'Clean sweep for Democrats in 2020?', 'image': 'https://az620379.vo.msecnd.net/images/Markets/e5042693-3fe6-4a53-b983-1bab6373c5fb.jpg', 'url': 'https://www.predictit.org/markets/detail/6770/Will-Democrats-win-the-White-House,-Senate-and-House-in-2020', 'contracts': [{'id': 23105, 'dateEnd': 'NA', 'image': 'https://az620379.vo.msecnd.net/images/Contracts/small_e5042693-3fe6-4a53-b983-1bab6373c5fb.jpg', 'name': 'Will Democrats win the White House, Senate and House in 2020?', 'shortName': 'Clean sweep for Democrats in 2020?', 'status': 'Open', 'lastTradePrice': 0.96, 'bestBuyYesCost': 0.96, 'bestBuyNoCost': 0.05, 'bestSellYesCost': 0.95, 'bestSellNoCost': 0.04, 'lastClosePrice': 0.95, 'displayOrder': 0}], 'timeStamp': '2021-01-17T10:27:54.1895544', 'status': 'Open'}"
"{'id': 6789, 'name': ""Which party will win the 2020 House race in Iowa's 2nd District?"", 'shortName': 'Which party will win IA-02?', 'image': 'https://az620379.vo.msecnd.net/images/Markets/4380a211-cbdb-4273-81b0-710a93aab6c6.jpg', 'url': ""https://www.predictit.org/markets/detail/6789/Which-party-will-win-the-2020-House-race-in-Iowa's-2nd-District"", 'contracts': [{'id': 23209, 'dateEnd': 'NA', 'image': 'https://az620379.vo.msecnd.net/images/Contracts/small_6e5fc275-c0ff-40f6-9fbf-46cd9516b2d6.png', 'name': 'Republican', 'shortName': 'Republican', 'status': 'Open', 'lastTradePrice': 0.8, 'bestBuyYesCost': 0.81, 'bestBuyNoCost': 0.2, 'bestSellYesCost': 0.8, 'bestSellNoCost': 0.19, 'lastClosePrice': 0.81, 'displayOrder': 0}, {'id': 23208, 'dateEnd': 'NA', 'image': 'https://az620379.vo.msecnd.net/images/Contracts/small_289faa3a-8ea0-4f49-b008-cfb0fac5338c.png', 'name': 'Democratic', 'shortName': 'Democratic', 'status': 'Open', 'lastTradePrice': 0.17, 'bestBuyYesCost': 0.19, 'bestBuyNoCost': 0.83, 'bestSellYesCost': 0.17, 'bestSellNoCost': 0.81, 'lastClosePrice': 0.18, 'displayOrder': 0}], 'timeStamp': '2021-01-17T10:27:54.1895544', 'status': 'Open'}"
"{'id': 6809, 'name': 'What percentage of the presidential vote will not be for the two major parties?', 'shortName': 'Presidential vote % not for Dem/GOP?', 'image': 'https://az620379.vo.msecnd.net/images/Markets/afbdff15-be13-495a-8ac3-bd9a28fa1fc5.jpg', 'url': 'https://www.predictit.org/markets/detail/6809/What-percentage-of-the-presidential-vote-will-not-be-for-the-two-major-parties', 'contracts': [{'id': 23300, 'dateEnd': 'NA', 'image': 'https://az620379.vo.msecnd.net/images/Contracts/small_afbdff15-be13-495a-8ac3-bd9a28fa1fc5.jpg', 'name': '0.5% or less', 'shortName': '0.5% or less', 'status': 'Open', 'lastTradePrice': 0.01, 'bestBuyYesCost': 0.01, 'bestBuyNoCost': None, 'bestSellYesCost': None, 'bestSellNoCost': 0.99, 'lastClosePrice': 0.01, 'displayOrder': 0}, {'id': 23306, 'dateEnd': 'NA', 'image': 'https://az620379.vo.msecnd.net/images/Contracts/small_afbdff15-be13-495a-8ac3-bd9a28fa1fc5.jpg', 'name': '0.5% to 1.0%', 'shortName': '0.5% to 1.0%', 'status': 'Open', 'lastTradePrice': 0.01, 'bestBuyYesCost': 0.01, 'bestBuyNoCost': None, 'bestSellYesCost': None, 'bestSellNoCost': 0.99, 'lastClosePrice': 0.01, 'displayOrder': 1}, {'id': 23305, 'dateEnd': 'NA', 'image': 'https://az620379.vo.msecnd.net/images/Contracts/small_afbdff15-be13-495a-8ac3-bd9a28fa1fc5.jpg', 'name': '1.0% to 1.5%', 'shortName': '1.0% to 1.5%', 'status': 'Open', 'lastTradePrice': 0.01, 'bestBuyYesCost': 0.01, 'bestBuyNoCost': None, 'bestSellYesCost': None, 'bestSellNoCost': 0.99, 'lastClosePrice': 0.01, 'displayOrder': 2}, {'id': 23304, 'dateEnd': 'NA', 'image': 'https://az620379.vo.msecnd.net/images/Contracts/small_afbdff15-be13-495a-8ac3-bd9a28fa1fc5.jpg', 'name': '1.5% to 2.0%', 'shortName': '1.5% to 2.0%', 'status': 'Open', 'lastTradePrice': 0.98, 'bestBuyYesCost': 0.98, 'bestBuyNoCost': 0.03, 'bestSellYesCost': 0.97, 'bestSellNoCost': 0.02, 'lastClosePrice': 0.98, 'displayOrder': 3}, {'id': 23299, 'dateEnd': 'NA', 'image': 'https://az620379.vo.msecnd.net/images/Contracts/small_afbdff15-be13-495a-8ac3-bd9a28fa1fc5.jpg', 'name': '2.0% to 2.5%', 'shortName': '2.0% to 2.5%', 'status': 'Open', 'lastTradePrice': 0.01, 'bestBuyYesCost': 0.02, 'bestBuyNoCost': 0.99, 'bestSellYesCost': 0.01, 'bestSellNoCost': 0.98, 'lastClosePrice': 0.01, 'displayOrder': 4}, {'id': 23298, 'dateEnd': 'NA', 'image': 'https://az620379.vo.msecnd.net/images/Contracts/small_afbdff15-be13-495a-8ac3-bd9a28fa1fc5.jpg', 'name': '2.5% to 3.0%', 'shortName': '2.5% to 3.0%', 'status': 'Open', 'lastTradePrice': 0.01, 'bestBuyYesCost': 0.01, 'bestBuyNoCost': None, 'bestSellYesCost': None, 'bestSellNoCost': 0.99, 'lastClosePrice': 0.01, 'displayOrder': 5}, {'id': 23297, 'dateEnd': 'NA', 'image': 'https://az620379.vo.msecnd.net/images/Contracts/small_afbdff15-be13-495a-8ac3-bd9a28fa1fc5.jpg', 'name': '3.0% to 3.5%', 'shortName': '3.0% to 3.5%', 'status': 'Open', 'lastTradePrice': 0.01, 'bestBuyYesCost': 0.01, 'bestBuyNoCost': None, 'bestSellYesCost': None, 'bestSellNoCost': 0.99, 'lastClosePrice': 0.01, 'displayOrder': 6}, {'id': 23296, 'dateEnd': 'NA', 'image': 'https://az620379.vo.msecnd.net/images/Contracts/small_afbdff15-be13-495a-8ac3-bd9a28fa1fc5.jpg', 'name': '3.5% to 4.0%', 'shortName': '3.5% to 4.0%', 'status': 'Open', 'lastTradePrice': 0.01, 'bestBuyYesCost': 0.01, 'bestBuyNoCost': None, 'bestSellYesCost': None, 'bestSellNoCost': 0.99, 'lastClosePrice': 0.01, 'displayOrder': 7}, {'id': 23301, 'dateEnd': 'NA', 'image': 'https://az620379.vo.msecnd.net/images/Contracts/small_afbdff15-be13-495a-8ac3-bd9a28fa1fc5.jpg', 'name': '4.0% to 4.5%', 'shortName': '4.0% to 4.5%', 'status': 'Open', 'lastTradePrice': 0.01, 'bestBuyYesCost': 0.01, 'bestBuyNoCost': None, 'bestSellYesCost': None, 'bestSellNoCost': 0.99, 'lastClosePrice': 0.01, 'displayOrder': 8}, {'id': 23302, 'dateEnd': 'NA', 'image': 'https://az620379.vo.msecnd.net/images/Contracts/small_afbdff15-be13-495a-8ac3-bd9a28fa1fc5.jpg', 'name': '4.5% to 5.0%', 'shortName': '4.5% to 5.0%', 'status': 'Open', 'lastTradePrice': 0.01, 'bestBuyYesCost': 0.01, 'bestBuyNoCost': None, 'bestSellYesCost': None, 'bestSellNoCost': 0.99, 'lastClosePrice': 0.01, 'displayOrder': 9}, {'id': 23335, 'dateEnd': 'NA', 'image': 'https://az620379.vo.msecnd.net/images/Contracts/small_afbdff15-be13-495a-8ac3-bd9a28fa1fc5.jpg', 'name': '5.0% to 5.5%', 'shortName': '5.0% to 5.5%', 'status': 'Open', 'lastTradePrice': 0.01, 'bestBuyYesCost': 0.01, 'bestBuyNoCost': None, 'bestSellYesCost': None, 'bestSellNoCost': 0.99, 'lastClosePrice': 0.01, 'displayOrder': 10}, {'id': 23336, 'dateEnd': 'NA', 'image': 'https://az620379.vo.msecnd.net/images/Contracts/small_afbdff15-be13-495a-8ac3-bd9a28fa1fc5.jpg', 'name': '5.5% to 6.0%', 'shortName': '5.5% to 6.0%', 'status': 'Open', 'lastTradePrice': 0.01, 'bestBuyYesCost': 0.01, 'bestBuyNoCost': None, 'bestSellYesCost': None, 'bestSellNoCost': 0.99, 'lastClosePrice': 0.01, 'displayOrder': 11}, {'id': 23303, 'dateEnd': 'NA', 'image': 'https://az620379.vo.msecnd.net/images/Contracts/small_afbdff15-be13-495a-8ac3-bd9a28fa1fc5.jpg', 'name': '6.0% or more', 'shortName': '6.0% or more', 'status': 'Open', 'lastTradePrice': 0.01, 'bestBuyYesCost': 0.01, 'bestBuyNoCost': None, 'bestSellYesCost': None, 'bestSellNoCost': 0.99, 'lastClosePrice': 0.01, 'displayOrder': 12}], 'timeStamp': '2021-01-17T10:27:54.1895544', 'status': 'Open'}"
"{'id': 6852, 'name': 'Will Nancy Pelosi become Acting U.S. President on January 20?', 'shortName': 'Pelosi becomes Acting President on 1/20?', 'image': 'https://az620379.vo.msecnd.net/images/Markets/252d4792-2110-49d5-b1a3-3bd5ad328d93.jpg', 'url': 'https://www.predictit.org/markets/detail/6852/Will-Nancy-Pelosi-become-Acting-US-President-on-January-20', 'contracts': [{'id': 23493, 'dateEnd': 'NA', 'image': 'https://az620379.vo.msecnd.net/images/Contracts/small_252d4792-2110-49d5-b1a3-3bd5ad328d93.jpg', 'name': 'Will Nancy Pelosi become Acting U.S. President on January 20?', 'shortName': 'Pelosi becomes Acting President on 1/20?', 'status': 'Open', 'lastTradePrice': 0.02, 'bestBuyYesCost': 0.03, 'bestBuyNoCost': 0.98, 'bestSellYesCost': 0.02, 'bestSellNoCost': 0.97, 'lastClosePrice': 0.02, 'displayOrder': 0}], 'timeStamp': '2021-01-17T10:27:54.1895544', 'status': 'Open'}"
"{'id': 6861, 'name': ""Which party will win the 2020 House race in New York's 22nd District?"", 'shortName': 'Which party will win NY-22?', 'image': 'https://az620379.vo.msecnd.net/images/Markets/0ff0a40e-abf6-4827-861f-20f2c67742e1.jpg', 'url': ""https://www.predictit.org/markets/detail/6861/Which-party-will-win-the-2020-House-race-in-New-York's-22nd-District"", 'contracts': [{'id': 23529, 'dateEnd': 'NA', 'image': 'https://az620379.vo.msecnd.net/images/Contracts/small_6e5fc275-c0ff-40f6-9fbf-46cd9516b2d6.png', 'name': 'Republican', 'shortName': 'Republican', 'status': 'Open', 'lastTradePrice': 0.57, 'bestBuyYesCost': 0.58, 'bestBuyNoCost': 0.43, 'bestSellYesCost': 0.57, 'bestSellNoCost': 0.42, 'lastClosePrice': 0.57, 'displayOrder': 0}, {'id': 23528, 'dateEnd': 'NA', 'image': 'https://az620379.vo.msecnd.net/images/Contracts/small_289faa3a-8ea0-4f49-b008-cfb0fac5338c.png', 'name': 'Democratic', 'shortName': 'Democratic', 'status': 'Open', 'lastTradePrice': 0.47, 'bestBuyYesCost': 0.47, 'bestBuyNoCost': 0.57, 'bestSellYesCost': 0.43, 'bestSellNoCost': 0.53, 'lastClosePrice': 0.43, 'displayOrder': 0}], 'timeStamp': '2021-01-17T10:27:54.1895544', 'status': 'Open'}"
"{'id': 6867, 'name': 'Which party will win the 2024 U.S. presidential election?', 'shortName': 'Which party wins the presidency in 2024?', 'image': 'https://az620379.vo.msecnd.net/images/Markets/4a0705c2-577f-47f6-afa5-d1510d771597.jpg', 'url': 'https://www.predictit.org/markets/detail/6867/Which-party-will-win-the-2024-US-presidential-election', 'contracts': [{'id': 23547, 'dateEnd': 'NA', 'image': 'https://az620379.vo.msecnd.net/images/Contracts/small_dc2c8290-c5d5-4561-8c1a-31762c3972bb.png', 'name': 'Democratic', 'shortName': 'Democratic', 'status': 'Open', 'lastTradePrice': 0.54, 'bestBuyYesCost': 0.54, 'bestBuyNoCost': 0.47, 'bestSellYesCost': 0.53, 'bestSellNoCost': 0.46, 'lastClosePrice': 0.54, 'displayOrder': 0}, {'id': 23546, 'dateEnd': 'NA', 'image': 'https://az620379.vo.msecnd.net/images/Contracts/small_2482e38e-80aa-4ff0-b1e2-9c29a0f100bc.png', 'name': 'Republican', 'shortName': 'Republican', 'status': 'Open', 'lastTradePrice': 0.47, 'bestBuyYesCost': 0.47, 'bestBuyNoCost': 0.54, 'bestSellYesCost': 0.46, 'bestSellNoCost': 0.53, 'lastClosePrice': 0.46, 'displayOrder': 0}, {'id': 23545, 'dateEnd': 'NA', 'image': 'https://az620379.vo.msecnd.net/images/Contracts/small_9d46f92f-fc2d-406a-ade9-8cf2eb41e64e.png', 'name': 'Libertarian', 'shortName': 'Libertarian', 'status': 'Open', 'lastTradePrice': 0.02, 'bestBuyYesCost': 0.03, 'bestBuyNoCost': 0.98, 'bestSellYesCost': 0.02, 'bestSellNoCost': 0.97, 'lastClosePrice': 0.02, 'displayOrder': 0}, {'id': 23548, 'dateEnd': 'NA', 'image': 'https://az620379.vo.msecnd.net/images/Contracts/small_5a27f11b-6e7e-4dd6-9d6b-48dafd96b436.png', 'name': 'Green', 'shortName': 'Green', 'status': 'Open', 'lastTradePrice': 0.02, 'bestBuyYesCost': 0.03, 'bestBuyNoCost': 0.98, 'bestSellYesCost': 0.02, 'bestSellNoCost': 0.97, 'lastClosePrice': 0.02, 'displayOrder': 0}], 'timeStamp': '2021-01-17T10:27:54.1895544', 'status': 'Open'}"
"{'id': 6874, 'name': 'Which party will control the Senate after 2022 election?', 'shortName': 'Who will control the Senate after 2022?', 'image': 'https://az620379.vo.msecnd.net/images/Markets/521f67c1-4244-470a-a854-2cf81998f580.jpg', 'url': 'https://www.predictit.org/markets/detail/6874/Which-party-will-control-the-Senate-after-2022-election', 'contracts': [{'id': 23586, 'dateEnd': '2023-01-31T23:59:00', 'image': 'https://az620379.vo.msecnd.net/images/Contracts/small_29b55b5a-6faf-4041-8b21-ab27421d0ade.png', 'name': 'Democratic', 'shortName': 'Democratic', 'status': 'Open', 'lastTradePrice': 0.54, 'bestBuyYesCost': 0.54, 'bestBuyNoCost': 0.47, 'bestSellYesCost': 0.53, 'bestSellNoCost': 0.46, 'lastClosePrice': 0.54, 'displayOrder': 0}, {'id': 23587, 'dateEnd': '2023-01-31T23:59:00', 'image': 'https://az620379.vo.msecnd.net/images/Contracts/small_77aea45d-8c93-46d6-b338-43a6af0ba8e1.png', 'name': 'Republican', 'shortName': 'Republican', 'status': 'Open', 'lastTradePrice': 0.48, 'bestBuyYesCost': 0.49, 'bestBuyNoCost': 0.52, 'bestSellYesCost': 0.48, 'bestSellNoCost': 0.51, 'lastClosePrice': 0.48, 'displayOrder': 0}], 'timeStamp': '2021-01-17T10:27:54.1895544', 'status': 'Open'}"
"{'id': 6882, 'name': 'How many votes in the 2020 U.S. presidential election?', 'shortName': 'Turnout in the presidential election?', 'image': 'https://az620379.vo.msecnd.net/images/Markets/4a510e22-6bde-48e1-b110-b6890b6b294f.jpg', 'url': 'https://www.predictit.org/markets/detail/6882/How-many-votes-in-the-2020-US-presidential-election', 'contracts': [{'id': 23630, 'dateEnd': 'NA', 'image': 'https://az620379.vo.msecnd.net/images/Contracts/small_4a510e22-6bde-48e1-b110-b6890b6b294f.jpg', 'name': 'Fewer than 130 mil.', 'shortName': 'Fewer than 130 m.', 'status': 'Open', 'lastTradePrice': 0.01, 'bestBuyYesCost': 0.01, 'bestBuyNoCost': None, 'bestSellYesCost': None, 'bestSellNoCost': 0.99, 'lastClosePrice': 0.01, 'displayOrder': 0}, {'id': 23638, 'dateEnd': 'NA', 'image': 'https://az620379.vo.msecnd.net/images/Contracts/small_4a510e22-6bde-48e1-b110-b6890b6b294f.jpg', 'name': '130 mil. to 133 mil.', 'shortName': '130 mil - 133 mil', 'status': 'Open', 'lastTradePrice': 0.01, 'bestBuyYesCost': 0.01, 'bestBuyNoCost': None, 'bestSellYesCost': None, 'bestSellNoCost': 0.99, 'lastClosePrice': 0.01, 'displayOrder': 1}, {'id': 23633, 'dateEnd': 'NA', 'image': 'https://az620379.vo.msecnd.net/images/Contracts/small_4a510e22-6bde-48e1-b110-b6890b6b294f.jpg', 'name': '133 mil. to 136 mil.', 'shortName': '133 mil - 136 mil', 'status': 'Open', 'lastTradePrice': 0.01, 'bestBuyYesCost': 0.01, 'bestBuyNoCost': None, 'bestSellYesCost': None, 'bestSellNoCost': 0.99, 'lastClosePrice': 0.01, 'displayOrder': 2}, {'id': 23637, 'dateEnd': 'NA', 'image': 'https://az620379.vo.msecnd.net/images/Contracts/small_4a510e22-6bde-48e1-b110-b6890b6b294f.jpg', 'name': '136 mil. to 139 mil.', 'shortName': '136 mil - 139 mil', 'status': 'Open', 'lastTradePrice': 0.01, 'bestBuyYesCost': 0.01, 'bestBuyNoCost': None, 'bestSellYesCost': None, 'bestSellNoCost': 0.99, 'lastClosePrice': 0.01, 'displayOrder': 3}, {'id': 23634, 'dateEnd': 'NA', 'image': 'https://az620379.vo.msecnd.net/images/Contracts/small_4a510e22-6bde-48e1-b110-b6890b6b294f.jpg', 'name': '139 mil. to 142 mil.', 'shortName': '139 mil - 142 mil', 'status': 'Open', 'lastTradePrice': 0.01, 'bestBuyYesCost': 0.01, 'bestBuyNoCost': None, 'bestSellYesCost': None, 'bestSellNoCost': 0.99, 'lastClosePrice': 0.01, 'displayOrder': 4}, {'id': 23632, 'dateEnd': 'NA', 'image': 'https://az620379.vo.msecnd.net/images/Contracts/small_4a510e22-6bde-48e1-b110-b6890b6b294f.jpg', 'name': '142 mil. to 145 mil.', 'shortName': '142 mil - 145 mil', 'status': 'Open', 'lastTradePrice': 0.01, 'bestBuyYesCost': 0.01, 'bestBuyNoCost': None, 'bestSellYesCost': None, 'bestSellNoCost': 0.99, 'lastClosePrice': 0.01, 'displayOrder': 5}, {'id': 23636, 'dateEnd': 'NA', 'image': 'https://az620379.vo.msecnd.net/images/Contracts/small_4a510e22-6bde-48e1-b110-b6890b6b294f.jpg', 'name': '145 mil. to 148 mil.', 'shortName': '145 mil - 148 mil', 'status': 'Open', 'lastTradePrice': 0.01, 'bestBuyYesCost': 0.01, 'bestBuyNoCost': None, 'bestSellYesCost': None, 'bestSellNoCost': 0.99, 'lastClosePrice': 0.01, 'displayOrder': 6}, {'id': 23631, 'dateEnd': 'NA', 'image': 'https://az620379.vo.msecnd.net/images/Contracts/small_4a510e22-6bde-48e1-b110-b6890b6b294f.jpg', 'name': '148 mil. to 151 mil.', 'shortName': '148 mil - 151 mil', 'status': 'Open', 'lastTradePrice': 0.02, 'bestBuyYesCost': 0.03, 'bestBuyNoCost': 0.98, 'bestSellYesCost': 0.02, 'bestSellNoCost': 0.97, 'lastClosePrice': 0.01, 'displayOrder': 7}, {'id': 23635, 'dateEnd': 'NA', 'image': 'https://az620379.vo.msecnd.net/images/Contracts/small_4a510e22-6bde-48e1-b110-b6890b6b294f.jpg', 'name': '151 mil. to 154 mil.', 'shortName': '151 mil - 154 mil', 'status': 'Open', 'lastTradePrice': 0.01, 'bestBuyYesCost': 0.01, 'bestBuyNoCost': None, 'bestSellYesCost': None, 'bestSellNoCost': 0.99, 'lastClosePrice': 0.01, 'displayOrder': 8}, {'id': 23639, 'dateEnd': 'NA', 'image': 'https://az620379.vo.msecnd.net/images/Contracts/small_4a510e22-6bde-48e1-b110-b6890b6b294f.jpg', 'name': '154 mil. to 157 mil.', 'shortName': '154 mil - 157 mil', 'status': 'Open', 'lastTradePrice': 0.01, 'bestBuyYesCost': 0.02, 'bestBuyNoCost': 0.99, 'bestSellYesCost': 0.01, 'bestSellNoCost': 0.98, 'lastClosePrice': 0.01, 'displayOrder': 9}, {'id': 23640, 'dateEnd': 'NA', 'image': 'https://az620379.vo.msecnd.net/images/Contracts/small_4a510e22-6bde-48e1-b110-b6890b6b294f.jpg', 'name': '157 mil. to 160 mil.', 'shortName': '157 mil - 160 mil', 'status': 'Open', 'lastTradePrice': 0.96, 'bestBuyYesCost': 0.96, 'bestBuyNoCost': 0.05, 'bestSellYesCost': 0.95, 'bestSellNoCost': 0.04, 'lastClosePrice': 0.96, 'displayOrder': 10}, {'id': 23641, 'dateEnd': 'NA', 'image': 'https://az620379.vo.msecnd.net/images/Contracts/small_4a510e22-6bde-48e1-b110-b6890b6b294f.jpg', 'name': '160 mil. or more', 'shortName': '160 mil. or more', 'status': 'Open', 'lastTradePrice': 0.01, 'bestBuyYesCost': 0.01, 'bestBuyNoCost': None, 'bestSellYesCost': None, 'bestSellNoCost': 0.99, 'lastClosePrice': 0.01, 'displayOrder': 11}], 'timeStamp': '2021-01-17T10:27:54.1895544', 'status': 'Open'}"
"{'id': 6892, 'name': 'Which party will win the House in the 2022 election?', 'shortName': 'Which party will win the House in 2022?', 'image': 'https://az620379.vo.msecnd.net/images/Markets/a1bcd4cc-f970-4c07-a8c7-a9b86d6189f2.jpg', 'url': 'https://www.predictit.org/markets/detail/6892/Which-party-will-win-the-House-in-the-2022-election', 'contracts': [{'id': 23690, 'dateEnd': 'NA', 'image': 'https://az620379.vo.msecnd.net/images/Contracts/small_50585c92-15cf-424d-b497-1127cb3a6f5a.png', 'name': 'Republican', 'shortName': 'Republican', 'status': 'Open', 'lastTradePrice': 0.58, 'bestBuyYesCost': 0.59, 'bestBuyNoCost': 0.42, 'bestSellYesCost': 0.58, 'bestSellNoCost': 0.41, 'lastClosePrice': 0.58, 'displayOrder': 0}, {'id': 23689, 'dateEnd': 'NA', 'image': 'https://az620379.vo.msecnd.net/images/Contracts/small_dd7a25d1-8892-432c-9991-7047953ca799.png', 'name': 'Democratic', 'shortName': 'Democratic', 'status': 'Open', 'lastTradePrice': 0.42, 'bestBuyYesCost': 0.43, 'bestBuyNoCost': 0.58, 'bestSellYesCost': 0.42, 'bestSellNoCost': 0.57, 'lastClosePrice': 0.43, 'displayOrder': 0}], 'timeStamp': '2021-01-17T10:27:54.1895544', 'status': 'Open'}"
"{'id': 6925, 'name': 'How many U.S. House delegations will Republicans win in the 2020 election?', 'shortName': 'House delegations won by GOP?', 'image': 'https://az620379.vo.msecnd.net/images/Markets/b2def0a6-92a1-4247-bc77-ec76ebea642f.jpg', 'url': 'https://www.predictit.org/markets/detail/6925/How-many-US-House-delegations-will-Republicans-win-in-the-2020-election', 'contracts': [{'id': 23901, 'dateEnd': 'NA', 'image': 'https://az620379.vo.msecnd.net/images/Contracts/small_0876890d-22c8-4a07-b9dd-7719754eee7e.jpg', 'name': '22 or fewer', 'shortName': '22 or fewer', 'status': 'Open', 'lastTradePrice': 0.01, 'bestBuyYesCost': 0.01, 'bestBuyNoCost': None, 'bestSellYesCost': None, 'bestSellNoCost': 0.99, 'lastClosePrice': 0.01, 'displayOrder': 0}, {'id': 23902, 'dateEnd': 'NA', 'image': 'https://az620379.vo.msecnd.net/images/Contracts/small_0876890d-22c8-4a07-b9dd-7719754eee7e.jpg', 'name': '23', 'shortName': '23', 'status': 'Open', 'lastTradePrice': 0.01, 'bestBuyYesCost': 0.01, 'bestBuyNoCost': None, 'bestSellYesCost': None, 'bestSellNoCost': 0.99, 'lastClosePrice': 0.01, 'displayOrder': 1}, {'id': 23903, 'dateEnd': 'NA', 'image': 'https://az620379.vo.msecnd.net/images/Contracts/small_0876890d-22c8-4a07-b9dd-7719754eee7e.jpg', 'name': '24', 'shortName': '24', 'status': 'Open', 'lastTradePrice': 0.01, 'bestBuyYesCost': 0.01, 'bestBuyNoCost': None, 'bestSellYesCost': None, 'bestSellNoCost': 0.99, 'lastClosePrice': 0.01, 'displayOrder': 2}, {'id': 23904, 'dateEnd': 'NA', 'image': 'https://az620379.vo.msecnd.net/images/Contracts/small_0876890d-22c8-4a07-b9dd-7719754eee7e.jpg', 'name': '25', 'shortName': '25', 'status': 'Open', 'lastTradePrice': 0.01, 'bestBuyYesCost': 0.01, 'bestBuyNoCost': None, 'bestSellYesCost': None, 'bestSellNoCost': 0.99, 'lastClosePrice': 0.01, 'displayOrder': 3}, {'id': 23905, 'dateEnd': 'NA', 'image': 'https://az620379.vo.msecnd.net/images/Contracts/small_0876890d-22c8-4a07-b9dd-7719754eee7e.jpg', 'name': '26', 'shortName': '26', 'status': 'Open', 'lastTradePrice': 0.18, 'bestBuyYesCost': 0.19, 'bestBuyNoCost': 0.82, 'bestSellYesCost': 0.18, 'bestSellNoCost': 0.81, 'lastClosePrice': 0.18, 'displayOrder': 4}, {'id': 23906, 'dateEnd': 'NA', 'image': 'https://az620379.vo.msecnd.net/images/Contracts/small_0876890d-22c8-4a07-b9dd-7719754eee7e.jpg', 'name': '27', 'shortName': '27', 'status': 'Open', 'lastTradePrice': 0.81, 'bestBuyYesCost': 0.81, 'bestBuyNoCost': 0.2, 'bestSellYesCost': 0.8, 'bestSellNoCost': 0.19, 'lastClosePrice': 0.79, 'displayOrder': 5}, {'id': 23907, 'dateEnd': 'NA', 'image': 'https://az620379.vo.msecnd.net/images/Contracts/small_0876890d-22c8-4a07-b9dd-7719754eee7e.jpg', 'name': '28', 'shortName': '28', 'status': 'Open', 'lastTradePrice': 0.01, 'bestBuyYesCost': 0.01, 'bestBuyNoCost': None, 'bestSellYesCost': None, 'bestSellNoCost': 0.99, 'lastClosePrice': 0.01, 'displayOrder': 6}, {'id': 23900, 'dateEnd': 'NA', 'image': 'https://az620379.vo.msecnd.net/images/Contracts/small_0876890d-22c8-4a07-b9dd-7719754eee7e.jpg', 'name': '29', 'shortName': '29', 'status': 'Open', 'lastTradePrice': 0.01, 'bestBuyYesCost': 0.01, 'bestBuyNoCost': None, 'bestSellYesCost': None, 'bestSellNoCost': 0.99, 'lastClosePrice': 0.01, 'displayOrder': 7}, {'id': 23899, 'dateEnd': 'NA', 'image': 'https://az620379.vo.msecnd.net/images/Contracts/small_0876890d-22c8-4a07-b9dd-7719754eee7e.jpg', 'name': '30 or more', 'shortName': '30 or more', 'status': 'Open', 'lastTradePrice': 0.02, 'bestBuyYesCost': 0.03, 'bestBuyNoCost': 0.98, 'bestSellYesCost': 0.02, 'bestSellNoCost': 0.97, 'lastClosePrice': 0.02, 'displayOrder': 8}], 'timeStamp': '2021-01-17T10:27:54.1895544', 'status': 'Open'}"
"{'id': 6936, 'name': 'How closely will the election results match the polls?', 'shortName': 'Election results versus the polls?', 'image': 'https://az620379.vo.msecnd.net/images/Markets/03cec913-8eee-44cc-952e-232c74189296.jpg', 'url': 'https://www.predictit.org/markets/detail/6936/How-closely-will-the-election-results-match-the-polls', 'contracts': [{'id': 24026, 'dateEnd': 'NA', 'image': 'https://az620379.vo.msecnd.net/images/Contracts/small_3c10062b-0942-4fc3-9ace-bb6abdb790ff.jpg', 'name': 'Trump by 8% or more', 'shortName': 'Trump by 8% +', 'status': 'Open', 'lastTradePrice': 0.04, 'bestBuyYesCost': 0.05, 'bestBuyNoCost': 0.96, 'bestSellYesCost': 0.04, 'bestSellNoCost': 0.95, 'lastClosePrice': 0.04, 'displayOrder': 0}, {'id': 24035, 'dateEnd': 'NA', 'image': 'https://az620379.vo.msecnd.net/images/Contracts/small_3c10062b-0942-4fc3-9ace-bb6abdb790ff.jpg', 'name': 'Trump by 7% - 8%', 'shortName': 'Trump by 7% - 8%', 'status': 'Open', 'lastTradePrice': 0.01, 'bestBuyYesCost': 0.01, 'bestBuyNoCost': None, 'bestSellYesCost': None, 'bestSellNoCost': 0.99, 'lastClosePrice': 0.01, 'displayOrder': 1}, {'id': 24028, 'dateEnd': 'NA', 'image': 'https://az620379.vo.msecnd.net/images/Contracts/small_3c10062b-0942-4fc3-9ace-bb6abdb790ff.jpg', 'name': 'Trump by 6% - 7%', 'shortName': 'Trump by 6% - 7%', 'status': 'Open', 'lastTradePrice': 0.01, 'bestBuyYesCost': 0.01, 'bestBuyNoCost': None, 'bestSellYesCost': None, 'bestSellNoCost': 0.99, 'lastClosePrice': 0.01, 'displayOrder': 2}, {'id': 24029, 'dateEnd': 'NA', 'image': 'https://az620379.vo.msecnd.net/images/Contracts/small_3c10062b-0942-4fc3-9ace-bb6abdb790ff.jpg', 'name': 'Trump by 5% - 6%', 'shortName': 'Trump by 5% - 6%', 'status': 'Open', 'lastTradePrice': 0.01, 'bestBuyYesCost': 0.01, 'bestBuyNoCost': None, 'bestSellYesCost': None, 'bestSellNoCost': 0.99, 'lastClosePrice': 0.01, 'displayOrder': 3}, {'id': 24030, 'dateEnd': 'NA', 'image': 'https://az620379.vo.msecnd.net/images/Contracts/small_3c10062b-0942-4fc3-9ace-bb6abdb790ff.jpg', 'name': 'Trump by 4% - 5%', 'shortName': 'Trump by 4% - 5%', 'status': 'Open', 'lastTradePrice': 0.01, 'bestBuyYesCost': 0.01, 'bestBuyNoCost': None, 'bestSellYesCost': None, 'bestSellNoCost': 0.99, 'lastClosePrice': 0.01, 'displayOrder': 4}, {'id': 24031, 'dateEnd': 'NA', 'image': 'https://az620379.vo.msecnd.net/images/Contracts/small_3c10062b-0942-4fc3-9ace-bb6abdb790ff.jpg', 'name': 'Trump by 3% - 4%', 'shortName': 'Trump by 3% - 4%', 'status': 'Open', 'lastTradePrice': 0.95, 'bestBuyYesCost': 0.96, 'bestBuyNoCost': 0.05, 'bestSellYesCost': 0.95, 'bestSellNoCost': 0.04, 'lastClosePrice': 0.95, 'displayOrder': 5}, {'id': 24032, 'dateEnd': 'NA', 'image': 'https://az620379.vo.msecnd.net/images/Contracts/small_3c10062b-0942-4fc3-9ace-bb6abdb790ff.jpg', 'name': 'Trump by 2% - 3%', 'shortName': 'Trump by 2% - 3%', 'status': 'Open', 'lastTradePrice': 0.01, 'bestBuyYesCost': 0.01, 'bestBuyNoCost': None, 'bestSellYesCost': None, 'bestSellNoCost': 0.99, 'lastClosePrice': 0.01, 'displayOrder': 6}, {'id': 24033, 'dateEnd': 'NA', 'image': 'https://az620379.vo.msecnd.net/images/Contracts/small_3c10062b-0942-4fc3-9ace-bb6abdb790ff.jpg', 'name': 'Trump by 1% - 2%', 'shortName': 'Trump by 1% - 2%', 'status': 'Open', 'lastTradePrice': 0.01, 'bestBuyYesCost': 0.01, 'bestBuyNoCost': None, 'bestSellYesCost': None, 'bestSellNoCost': 0.99, 'lastClosePrice': 0.01, 'displayOrder': 7}, {'id': 24034, 'dateEnd': 'NA', 'image': 'https://az620379.vo.msecnd.net/images/Contracts/small_3c10062b-0942-4fc3-9ace-bb6abdb790ff.jpg', 'name': 'Trump, less than 1%', 'shortName': 'Trump by < 1%', 'status': 'Open', 'lastTradePrice': 0.01, 'bestBuyYesCost': 0.01, 'bestBuyNoCost': None, 'bestSellYesCost': None, 'bestSellNoCost': 0.99, 'lastClosePrice': 0.01, 'displayOrder': 8}, {'id': 24036, 'dateEnd': 'NA', 'image': 'https://az620379.vo.msecnd.net/images/Contracts/small_4c64890a-503c-454c-b02e-732319f1459f.jpg', 'name': 'Biden, less than 1%', 'shortName': 'Biden < 1%', 'status': 'Open', 'lastTradePrice': 0.01, 'bestBuyYesCost': 0.01, 'bestBuyNoCost': None, 'bestSellYesCost': None, 'bestSellNoCost': 0.99, 'lastClosePrice': 0.01, 'displayOrder': 9}, {'id': 24037, 'dateEnd': 'NA', 'image': 'https://az620379.vo.msecnd.net/images/Contracts/small_4c64890a-503c-454c-b02e-732319f1459f.jpg', 'name': 'Biden by 1% - 2%', 'shortName': 'Biden by 1% - 2%', 'status': 'Open', 'lastTradePrice': 0.01, 'bestBuyYesCost': 0.01, 'bestBuyNoCost': None, 'bestSellYesCost': None, 'bestSellNoCost': 0.99, 'lastClosePrice': 0.01, 'displayOrder': 10}, {'id': 24038, 'dateEnd': 'NA', 'image': 'https://az620379.vo.msecnd.net/images/Contracts/small_4c64890a-503c-454c-b02e-732319f1459f.jpg', 'name': 'Biden by 2% - 3%', 'shortName': 'Biden by 2% - 3%', 'status': 'Open', 'lastTradePrice': 0.01, 'bestBuyYesCost': 0.01, 'bestBuyNoCost': None, 'bestSellYesCost': None, 'bestSellNoCost': 0.99, 'lastClosePrice': 0.01, 'displayOrder': 11}, {'id': 24039, 'dateEnd': 'NA', 'image': 'https://az620379.vo.msecnd.net/images/Contracts/small_4c64890a-503c-454c-b02e-732319f1459f.jpg', 'name': 'Biden by 3% - 4%', 'shortName': 'Biden by 3% - 4%', 'status': 'Open', 'lastTradePrice': 0.01, 'bestBuyYesCost': 0.01, 'bestBuyNoCost': None, 'bestSellYesCost': None, 'bestSellNoCost': 0.99, 'lastClosePrice': 0.01, 'displayOrder': 12}, {'id': 24040, 'dateEnd': 'NA', 'image': 'https://az620379.vo.msecnd.net/images/Contracts/small_4c64890a-503c-454c-b02e-732319f1459f.jpg', 'name': 'Biden by 4% - 5%', 'shortName': 'Biden by 4% - 5%', 'status': 'Open', 'lastTradePrice': 0.01, 'bestBuyYesCost': 0.01, 'bestBuyNoCost': None, 'bestSellYesCost': None, 'bestSellNoCost': 0.99, 'lastClosePrice': 0.01, 'displayOrder': 13}, {'id': 24041, 'dateEnd': 'NA', 'image': 'https://az620379.vo.msecnd.net/images/Contracts/small_4c64890a-503c-454c-b02e-732319f1459f.jpg', 'name': 'Biden by 5% - 6%', 'shortName': 'Biden by 5% - 6%', 'status': 'Open', 'lastTradePrice': 0.01, 'bestBuyYesCost': 0.01, 'bestBuyNoCost': None, 'bestSellYesCost': None, 'bestSellNoCost': 0.99, 'lastClosePrice': 0.01, 'displayOrder': 14}, {'id': 24042, 'dateEnd': 'NA', 'image': 'https://az620379.vo.msecnd.net/images/Contracts/small_4c64890a-503c-454c-b02e-732319f1459f.jpg', 'name': 'Biden by 6% - 7%', 'shortName': 'Biden by 6% - 7%', 'status': 'Open', 'lastTradePrice': 0.01, 'bestBuyYesCost': 0.01, 'bestBuyNoCost': None, 'bestSellYesCost': None, 'bestSellNoCost': 0.99, 'lastClosePrice': 0.01, 'displayOrder': 15}, {'id': 24137, 'dateEnd': 'NA', 'image': 'https://az620379.vo.msecnd.net/images/Contracts/small_4c64890a-503c-454c-b02e-732319f1459f.jpg', 'name': 'Biden by 7% - 8%', 'shortName': 'Biden by 7% - 8%', 'status': 'Open', 'lastTradePrice': 0.01, 'bestBuyYesCost': 0.01, 'bestBuyNoCost': None, 'bestSellYesCost': None, 'bestSellNoCost': 0.99, 'lastClosePrice': 0.01, 'displayOrder': 16}, {'id': 24027, 'dateEnd': 'NA', 'image': 'https://az620379.vo.msecnd.net/images/Contracts/small_4c64890a-503c-454c-b02e-732319f1459f.jpg', 'name': 'Biden by 8% or more', 'shortName': 'Biden by 8% +', 'status': 'Open', 'lastTradePrice': 0.01, 'bestBuyYesCost': 0.01, 'bestBuyNoCost': None, 'bestSellYesCost': None, 'bestSellNoCost': 0.99, 'lastClosePrice': 0.01, 'displayOrder': 17}], 'timeStamp': '2021-01-17T10:27:54.1895544', 'status': 'Open'}"
"{'id': 6944, 'name': 'Who will be the Senate-confirmed Secretary of State on Feb. 15?', 'shortName': 'Secretary of State on Feb. 15?', 'image': 'https://az620379.vo.msecnd.net/images/Markets/d329082a-be5f-4a32-8c41-85b259b0e19a.jpg', 'url': 'https://www.predictit.org/markets/detail/6944/Who-will-be-the-Senate-confirmed-Secretary-of-State-on-Feb-15', 'contracts': [{'id': 24143, 'dateEnd': '2021-02-15T23:59:00', 'image': 'https://az620379.vo.msecnd.net/images/Contracts/small_172d779e-a730-4688-88a2-1ba730b974df.jpg', 'name': 'Antony Blinken', 'shortName': 'Blinken', 'status': 'Open', 'lastTradePrice': 0.87, 'bestBuyYesCost': 0.88, 'bestBuyNoCost': 0.13, 'bestSellYesCost': 0.87, 'bestSellNoCost': 0.12, 'lastClosePrice': 0.88, 'displayOrder': 0}, {'id': 24134, 'dateEnd': '2021-02-15T23:59:00', 'image': 'https://az620379.vo.msecnd.net/images/Contracts/small_58b5f881-b587-4333-880b-024bc39922e8.jpg', 'name': 'Mike Pompeo', 'shortName': 'Pompeo', 'status': 'Open', 'lastTradePrice': 0.05, 'bestBuyYesCost': 0.06, 'bestBuyNoCost': 0.95, 'bestSellYesCost': 0.05, 'bestSellNoCost': 0.94, 'lastClosePrice': 0.04, 'displayOrder': 0}, {'id': 24135, 'dateEnd': '2021-02-15T23:59:00', 'image': 'https://az620379.vo.msecnd.net/images/Contracts/small_20003de6-fa6b-4fb5-82be-aba2bc8c02f9.jpg', 'name': 'Nikki Haley', 'shortName': 'Haley', 'status': 'Open', 'lastTradePrice': 0.01, 'bestBuyYesCost': 0.01, 'bestBuyNoCost': None, 'bestSellYesCost': None, 'bestSellNoCost': 0.99, 'lastClosePrice': 0.01, 'displayOrder': 0}, {'id': 24136, 'dateEnd': '2021-02-15T23:59:00', 'image': 'https://az620379.vo.msecnd.net/images/Contracts/small_9fbc3103-49b8-4f93-a1ce-79ff5fe31957.jpg', 'name': 'Tom Cotton', 'shortName': 'Cotton', 'status': 'Open', 'lastTradePrice': 0.01, 'bestBuyYesCost': 0.01, 'bestBuyNoCost': None, 'bestSellYesCost': None, 'bestSellNoCost': 0.99, 'lastClosePrice': 0.01, 'displayOrder': 0}, {'id': 24138, 'dateEnd': '2021-02-15T23:59:00', 'image': 'https://az620379.vo.msecnd.net/images/Contracts/small_dc70c616-f202-4dac-a2e3-772dc4e3bb88.jpg', 'name': 'Chris Coons', 'shortName': 'Coons', 'status': 'Open', 'lastTradePrice': 0.01, 'bestBuyYesCost': 0.01, 'bestBuyNoCost': None, 'bestSellYesCost': None, 'bestSellNoCost': 0.99, 'lastClosePrice': 0.01, 'displayOrder': 0}, {'id': 24139, 'dateEnd': '2021-02-15T23:59:00', 'image': 'https://az620379.vo.msecnd.net/images/Contracts/small_b977003c-ae28-4ba8-b878-dd298c87ffe7.jpg', 'name': 'Chris Murphy', 'shortName': 'Murphy', 'status': 'Open', 'lastTradePrice': 0.01, 'bestBuyYesCost': 0.01, 'bestBuyNoCost': None, 'bestSellYesCost': None, 'bestSellNoCost': 0.99, 'lastClosePrice': 0.01, 'displayOrder': 0}, {'id': 24140, 'dateEnd': '2021-02-15T23:59:00', 'image': 'https://az620379.vo.msecnd.net/images/Contracts/small_ed4617ec-60c8-4552-ad6e-c03f0e364ddf.jpg', 'name': 'Susan Rice', 'shortName': 'Rice', 'status': 'Open', 'lastTradePrice': 0.01, 'bestBuyYesCost': 0.01, 'bestBuyNoCost': None, 'bestSellYesCost': None, 'bestSellNoCost': 0.99, 'lastClosePrice': 0.01, 'displayOrder': 0}, {'id': 24141, 'dateEnd': '2021-02-15T23:59:00', 'image': 'https://az620379.vo.msecnd.net/images/Contracts/small_659df5e2-2a5f-45fc-a892-a8153aef872a.jpg', 'name': 'Mike Donilon', 'shortName': 'M. Donilon', 'status': 'Open', 'lastTradePrice': 0.01, 'bestBuyYesCost': 0.01, 'bestBuyNoCost': None, 'bestSellYesCost': None, 'bestSellNoCost': 0.99, 'lastClosePrice': 0.01, 'displayOrder': 0}, {'id': 24142, 'dateEnd': '2021-02-15T23:59:00', 'image': 'https://az620379.vo.msecnd.net/images/Contracts/small_b5d5cb16-9f8a-4cf0-a428-c84fda98a31d.jpg', 'name': 'Hillary Clinton', 'shortName': 'Clinton', 'status': 'Open', 'lastTradePrice': 0.01, 'bestBuyYesCost': 0.01, 'bestBuyNoCost': None, 'bestSellYesCost': None, 'bestSellNoCost': 0.99, 'lastClosePrice': 0.01, 'displayOrder': 0}, {'id': 24144, 'dateEnd': '2021-02-15T23:59:00', 'image': 'https://az620379.vo.msecnd.net/images/Contracts/small_e3e5d1e1-db5f-4379-bf5b-af47e874e943.jpg', 'name': 'Marco Rubio', 'shortName': 'Rubio', 'status': 'Open', 'lastTradePrice': 0.01, 'bestBuyYesCost': 0.01, 'bestBuyNoCost': None, 'bestSellYesCost': None, 'bestSellNoCost': 0.99, 'lastClosePrice': 0.01, 'displayOrder': 0}, {'id': 24145, 'dateEnd': '2021-02-15T23:59:00', 'image': 'https://az620379.vo.msecnd.net/images/Contracts/small_b5664383-4691-4f13-9f34-13ca3ee5de7f.jpg', 'name': 'Tom Shannon', 'shortName': 'Shannon', 'status': 'Open', 'lastTradePrice': 0.01, 'bestBuyYesCost': 0.01, 'bestBuyNoCost': None, 'bestSellYesCost': None, 'bestSellNoCost': 0.99, 'lastClosePrice': 0.01, 'displayOrder': 0}, {'id': 24146, 'dateEnd': '2021-02-15T23:59:00', 'image': 'https://az620379.vo.msecnd.net/images/Contracts/small_91cfbdff-7b5a-4c40-9b00-1f08abf3b5c9.jpg', 'name': 'Robert O’Brien', 'shortName': 'O’Brien', 'status': 'Open', 'lastTradePrice': 0.01, 'bestBuyYesCost': 0.01, 'bestBuyNoCost': None, 'bestSellYesCost': None, 'bestSellNoCost': 0.99, 'lastClosePrice': 0.01, 'displayOrder': 0}, {'id': 24147, 'dateEnd': '2021-02-15T23:59:00', 'image': 'https://az620379.vo.msecnd.net/images/Contracts/small_bbfdd2ed-95d5-43a3-bf5d-2403503705b0.jpg', 'name': 'Mitt Romney', 'shortName': 'Romney', 'status': 'Open', 'lastTradePrice': 0.01, 'bestBuyYesCost': 0.01, 'bestBuyNoCost': None, 'bestSellYesCost': None, 'bestSellNoCost': 0.99, 'lastClosePrice': 0.01, 'displayOrder': 0}, {'id': 24171, 'dateEnd': '2021-02-15T23:59:00', 'image': 'https://az620379.vo.msecnd.net/images/Contracts/small_4537f54e-9106-4de8-869a-f1c04c92b7d1.jpg', 'name': 'William Burns', 'shortName': 'Burns', 'status': 'Open', 'lastTradePrice': 0.01, 'bestBuyYesCost': 0.01, 'bestBuyNoCost': None, 'bestSellYesCost': None, 'bestSellNoCost': 0.99, 'lastClosePrice': 0.01, 'displayOrder': 0}, {'id': 24172, 'dateEnd': '2021-02-15T23:59:00', 'image': 'https://az620379.vo.msecnd.net/images/Contracts/small_5dc4dee1-354a-44b7-855f-d0648ccc9cdf.jpg', 'name': 'Thomas Donilon', 'shortName': 'T. Donilon', 'status': 'Open', 'lastTradePrice': 0.01, 'bestBuyYesCost': 0.01, 'bestBuyNoCost': None, 'bestSellYesCost': None, 'bestSellNoCost': 0.99, 'lastClosePrice': 0.01, 'displayOrder': 0}, {'id': 24173, 'dateEnd': '2021-02-15T23:59:00', 'image': 'https://az620379.vo.msecnd.net/images/Contracts/small_87412471-a5b6-4b74-bcc4-685106982248.jpg', 'name': 'Pete Buttigieg', 'shortName': 'Buttigieg', 'status': 'Open', 'lastTradePrice': 0.01, 'bestBuyYesCost': 0.01, 'bestBuyNoCost': None, 'bestSellYesCost': None, 'bestSellNoCost': 0.99, 'lastClosePrice': 0.01, 'displayOrder': 0}, {'id': 24174, 'dateEnd': '2021-02-15T23:59:00', 'image': 'https://az620379.vo.msecnd.net/images/Contracts/small_ce35a91a-38f3-4d74-9b6b-42eeb0ff1ff6.jpg', 'name': 'Tammy Duckworth', 'shortName': 'Duckworth', 'status': 'Open', 'lastTradePrice': 0.01, 'bestBuyYesCost': 0.01, 'bestBuyNoCost': None, 'bestSellYesCost': None, 'bestSellNoCost': 0.99, 'lastClosePrice': 0.01, 'displayOrder': 0}], 'timeStamp': '2021-01-17T10:27:54.1895544', 'status': 'Open'}"
"{'id': 6946, 'name': 'Will there be more than 9 Supreme Court justices at any point in 2021?', 'shortName': 'More than 9 SCOTUS justices in 2021?', 'image': 'https://az620379.vo.msecnd.net/images/Markets/aaee1381-cc1a-46d2-a051-4d0e2ed45a8f.jpg', 'url': 'https://www.predictit.org/markets/detail/6946/Will-there-be-more-than-9-Supreme-Court-justices-at-any-point-in-2021', 'contracts': [{'id': 24152, 'dateEnd': '2021-12-31T17:00:00', 'image': 'https://az620379.vo.msecnd.net/images/Contracts/small_aaee1381-cc1a-46d2-a051-4d0e2ed45a8f.jpg', 'name': 'Will there be more than 9 Supreme Court justices at any point in 2021?', 'shortName': 'More than 9 SCOTUS justices in 2021?', 'status': 'Open', 'lastTradePrice': 0.11, 'bestBuyYesCost': 0.12, 'bestBuyNoCost': 0.89, 'bestSellYesCost': 0.11, 'bestSellNoCost': 0.88, 'lastClosePrice': 0.12, 'displayOrder': 0}], 'timeStamp': '2021-01-17T10:27:54.1895544', 'status': 'Open'}"
"{'id': 6949, 'name': 'Who will be the Senate-confirmed Secretary of Defense on Mar. 1?', 'shortName': 'Secretary of Defense on Mar. 1?', 'image': 'https://az620379.vo.msecnd.net/images/Markets/193e5738-eedf-4a88-85e8-0e06d4f5ce61.jpg', 'url': 'https://www.predictit.org/markets/detail/6949/Who-will-be-the-Senate-confirmed-Secretary-of-Defense-on-Mar-1', 'contracts': [{'id': 24483, 'dateEnd': '2021-03-01T23:59:00', 'image': 'https://az620379.vo.msecnd.net/images/Contracts/small_bf085390-9e73-4979-bd1a-84f7fb605f9d.jpg', 'name': 'Lloyd Austin', 'shortName': 'Austin', 'status': 'Open', 'lastTradePrice': 0.85, 'bestBuyYesCost': 0.86, 'bestBuyNoCost': 0.15, 'bestSellYesCost': 0.85, 'bestSellNoCost': 0.14, 'lastClosePrice': 0.87, 'displayOrder': 0}, {'id': 24348, 'dateEnd': '2021-03-01T23:59:00', 'image': 'https://az620379.vo.msecnd.net/images/Contracts/small_355ea9aa-55c2-4a20-bca8-2c3ff1f1fbfe.jpg', 'name': 'Christopher Miller', 'shortName': 'Miller', 'status': 'Open', 'lastTradePrice': 0.05, 'bestBuyYesCost': 0.06, 'bestBuyNoCost': 0.95, 'bestSellYesCost': 0.05, 'bestSellNoCost': 0.94, 'lastClosePrice': 0.05, 'displayOrder': 0}, {'id': 24169, 'dateEnd': '2021-03-01T23:59:00', 'image': 'https://az620379.vo.msecnd.net/images/Contracts/small_711a6984-8404-4f2c-8a95-33759589eaa3.jpg', 'name': 'Michele Flournoy', 'shortName': 'Michele Flournoy', 'status': 'Open', 'lastTradePrice': 0.03, 'bestBuyYesCost': 0.04, 'bestBuyNoCost': 0.97, 'bestSellYesCost': 0.03, 'bestSellNoCost': 0.96, 'lastClosePrice': 0.03, 'displayOrder': 0}, {'id': 24299, 'dateEnd': '2021-03-01T23:59:00', 'image': 'https://az620379.vo.msecnd.net/images/Contracts/small_f0608255-0a52-4303-b363-8799c051fd1f.jpg', 'name': 'Jeh Johnson', 'shortName': 'Johnson', 'status': 'Open', 'lastTradePrice': 0.02, 'bestBuyYesCost': 0.02, 'bestBuyNoCost': 0.99, 'bestSellYesCost': 0.01, 'bestSellNoCost': 0.98, 'lastClosePrice': 0.02, 'displayOrder': 0}, {'id': 24168, 'dateEnd': '2021-03-01T23:59:00', 'image': 'https://az620379.vo.msecnd.net/images/Contracts/small_ce35a91a-38f3-4d74-9b6b-42eeb0ff1ff6.jpg', 'name': 'Tammy Duckworth', 'shortName': 'Duckworth', 'status': 'Open', 'lastTradePrice': 0.01, 'bestBuyYesCost': 0.01, 'bestBuyNoCost': None, 'bestSellYesCost': None, 'bestSellNoCost': 0.99, 'lastClosePrice': 0.01, 'displayOrder': 0}, {'id': 24170, 'dateEnd': '2021-03-01T23:59:00', 'image': 'https://az620379.vo.msecnd.net/images/Contracts/small_ab2500c9-96f0-40d3-b694-6c1d7b1ae13b.jpg', 'name': 'Jack Reed', 'shortName': 'Reed', 'status': 'Open', 'lastTradePrice': 0.01, 'bestBuyYesCost': 0.01, 'bestBuyNoCost': None, 'bestSellYesCost': None, 'bestSellNoCost': 0.99, 'lastClosePrice': 0.01, 'displayOrder': 0}, {'id': 24175, 'dateEnd': '2021-03-01T23:59:00', 'image': 'https://az620379.vo.msecnd.net/images/Contracts/small_9fbc3103-49b8-4f93-a1ce-79ff5fe31957.jpg', 'name': 'Tom Cotton', 'shortName': 'Cotton', 'status': 'Open', 'lastTradePrice': 0.01, 'bestBuyYesCost': 0.01, 'bestBuyNoCost': None, 'bestSellYesCost': None, 'bestSellNoCost': 0.99, 'lastClosePrice': 0.01, 'displayOrder': 0}, {'id': 24397, 'dateEnd': '2021-03-01T23:59:00', 'image': 'https://az620379.vo.msecnd.net/images/Contracts/small_9029737a-3e8f-420b-8da1-98c0b49b533a.jpg', 'name': 'William McRaven', 'shortName': 'McRaven', 'status': 'Open', 'lastTradePrice': 0.01, 'bestBuyYesCost': 0.01, 'bestBuyNoCost': None, 'bestSellYesCost': None, 'bestSellNoCost': 0.99, 'lastClosePrice': 0.01, 'displayOrder': 0}, {'id': 24482, 'dateEnd': '2021-03-01T23:59:00', 'image': 'https://az620379.vo.msecnd.net/images/Contracts/small_895311fc-ceab-4f3c-bfe7-993cd426aa52.jpg', 'name': 'E. Sherwood-Randall', 'shortName': 'Sherwood-Randall', 'status': 'Open', 'lastTradePrice': 0.01, 'bestBuyYesCost': 0.01, 'bestBuyNoCost': None, 'bestSellYesCost': None, 'bestSellNoCost': 0.99, 'lastClosePrice': 0.01, 'displayOrder': 0}], 'timeStamp': '2021-01-17T10:27:54.1895544', 'status': 'Open'}"
"{'id': 6951, 'name': 'Who will be the Senate-confirmed Secretary of Labor on Mar. 1?', 'shortName': 'Secretary of Labor on Mar. 1?', 'image': 'https://az620379.vo.msecnd.net/images/Markets/fd4c0d52-8c1e-402f-ac41-ad7e11cdd9e6.jpg', 'url': 'https://www.predictit.org/markets/detail/6951/Who-will-be-the-Senate-confirmed-Secretary-of-Labor-on-Mar-1', 'contracts': [{'id': 24372, 'dateEnd': '2021-03-01T23:59:00', 'image': 'https://az620379.vo.msecnd.net/images/Contracts/small_455aba92-51c5-47ad-acaf-23855cf053c1.jpg', 'name': 'Marty Walsh', 'shortName': 'Walsh', 'status': 'Open', 'lastTradePrice': 0.8, 'bestBuyYesCost': 0.81, 'bestBuyNoCost': 0.2, 'bestSellYesCost': 0.8, 'bestSellNoCost': 0.19, 'lastClosePrice': 0.8, 'displayOrder': 0}, {'id': 24197, 'dateEnd': '2021-03-01T23:59:00', 'image': 'https://az620379.vo.msecnd.net/images/Contracts/small_b09fbf4a-d485-4445-ae2b-76272246b7f7.jpg', 'name': 'Eugene Scalia', 'shortName': 'Scalia', 'status': 'Open', 'lastTradePrice': 0.04, 'bestBuyYesCost': 0.05, 'bestBuyNoCost': 0.96, 'bestSellYesCost': 0.04, 'bestSellNoCost': 0.95, 'lastClosePrice': 0.04, 'displayOrder': 0}, {'id': 24190, 'dateEnd': '2021-03-01T23:59:00', 'image': 'https://az620379.vo.msecnd.net/images/Contracts/small_8ee3b203-848a-44c2-928f-a29fe97685bc.jpg', 'name': 'Bernie Sanders', 'shortName': 'Sanders', 'status': 'Open', 'lastTradePrice': 0.01, 'bestBuyYesCost': 0.01, 'bestBuyNoCost': None, 'bestSellYesCost': None, 'bestSellNoCost': 0.99, 'lastClosePrice': 0.01, 'displayOrder': 0}, {'id': 24191, 'dateEnd': '2021-03-01T23:59:00', 'image': 'https://az620379.vo.msecnd.net/images/Contracts/small_712a1168-b436-4ee9-a0be-dc70382222f7.jpg', 'name': 'Jenny Yang', 'shortName': 'Yang', 'status': 'Open', 'lastTradePrice': 0.01, 'bestBuyYesCost': 0.01, 'bestBuyNoCost': None, 'bestSellYesCost': None, 'bestSellNoCost': 0.99, 'lastClosePrice': 0.01, 'displayOrder': 0}, {'id': 24192, 'dateEnd': '2021-03-01T23:59:00', 'image': 'https://az620379.vo.msecnd.net/images/Contracts/small_a213be84-f21e-4590-b598-54628b5866db.jpg', 'name': 'Julie Su', 'shortName': 'Su', 'status': 'Open', 'lastTradePrice': 0.01, 'bestBuyYesCost': 0.01, 'bestBuyNoCost': None, 'bestSellYesCost': None, 'bestSellNoCost': 0.99, 'lastClosePrice': 0.01, 'displayOrder': 0}, {'id': 24193, 'dateEnd': '2021-03-01T23:59:00', 'image': 'https://az620379.vo.msecnd.net/images/Contracts/small_c8231713-ba01-4e27-a22e-fca61fabcfea.jpg', 'name': 'Bill Spriggs', 'shortName': 'Spriggs', 'status': 'Open', 'lastTradePrice': 0.01, 'bestBuyYesCost': 0.01, 'bestBuyNoCost': None, 'bestSellYesCost': None, 'bestSellNoCost': 0.99, 'lastClosePrice': 0.01, 'displayOrder': 0}, {'id': 24194, 'dateEnd': '2021-03-01T23:59:00', 'image': 'https://az620379.vo.msecnd.net/images/Contracts/small_caffe640-c1a3-469c-9943-95f974ef170f.jpg', 'name': 'Andy Levin', 'shortName': 'Levin', 'status': 'Open', 'lastTradePrice': 0.01, 'bestBuyYesCost': 0.01, 'bestBuyNoCost': None, 'bestSellYesCost': None, 'bestSellNoCost': 0.99, 'lastClosePrice': 0.01, 'displayOrder': 0}, {'id': 24195, 'dateEnd': '2021-03-01T23:59:00', 'image': 'https://az620379.vo.msecnd.net/images/Contracts/small_a4e5db2f-ffb9-47f2-a29b-b76ba1f1b787.jpg', 'name': 'Sara Nelson', 'shortName': 'Nelson', 'status': 'Open', 'lastTradePrice': 0.01, 'bestBuyYesCost': 0.01, 'bestBuyNoCost': None, 'bestSellYesCost': None, 'bestSellNoCost': 0.99, 'lastClosePrice': 0.01, 'displayOrder': 0}, {'id': 24196, 'dateEnd': '2021-03-01T23:59:00', 'image': 'https://az620379.vo.msecnd.net/images/Contracts/small_6b484b65-ce63-48f5-a87e-da5624ae231c.jpg', 'name': 'Tom Perez', 'shortName': 'Perez', 'status': 'Open', 'lastTradePrice': 0.01, 'bestBuyYesCost': 0.01, 'bestBuyNoCost': None, 'bestSellYesCost': None, 'bestSellNoCost': 0.99, 'lastClosePrice': 0.01, 'displayOrder': 0}, {'id': 24300, 'dateEnd': '2021-03-01T23:59:00', 'image': 'https://az620379.vo.msecnd.net/images/Contracts/small_9f7a7007-d39f-4cbd-be2e-079eaf5c6011.jpg', 'name': 'Seth Harris', 'shortName': 'Harris', 'status': 'Open', 'lastTradePrice': 0.01, 'bestBuyYesCost': 0.01, 'bestBuyNoCost': None, 'bestSellYesCost': None, 'bestSellNoCost': 0.99, 'lastClosePrice': 0.01, 'displayOrder': 0}, {'id': 24406, 'dateEnd': '2021-03-01T23:59:00', 'image': 'https://az620379.vo.msecnd.net/images/Contracts/small_e492c115-1b00-41cf-b747-05f5af1eb408.jpg', 'name': 'Sharon Block', 'shortName': 'Block', 'status': 'Open', 'lastTradePrice': 0.01, 'bestBuyYesCost': 0.01, 'bestBuyNoCost': None, 'bestSellYesCost': None, 'bestSellNoCost': 0.99, 'lastClosePrice': 0.01, 'displayOrder': 0}, {'id': 24496, 'dateEnd': '2021-03-01T23:59:00', 'image': 'https://az620379.vo.msecnd.net/images/Contracts/small_a60448b8-8721-47ba-a3cd-22b97f7cdb72.jpg', 'name': 'Abby Finkenauer', 'shortName': 'Finkenauer', 'status': 'Open', 'lastTradePrice': 0.01, 'bestBuyYesCost': 0.01, 'bestBuyNoCost': None, 'bestSellYesCost': None, 'bestSellNoCost': 0.99, 'lastClosePrice': 0.01, 'displayOrder': 0}, {'id': 24591, 'dateEnd': '2021-03-01T23:59:00', 'image': 'https://az620379.vo.msecnd.net/images/Contracts/small_416f9472-368c-48c3-903a-a0b0a57d4338.jpg', 'name': 'Patrick Gaspard', 'shortName': 'Gaspard', 'status': 'Open', 'lastTradePrice': 0.01, 'bestBuyYesCost': 0.01, 'bestBuyNoCost': None, 'bestSellYesCost': None, 'bestSellNoCost': 0.99, 'lastClosePrice': 0.01, 'displayOrder': 0}, {'id': 24593, 'dateEnd': '2021-03-01T23:59:00', 'image': 'https://az620379.vo.msecnd.net/images/Contracts/small_2794a0e3-141d-480a-9e24-9dc55b681c79.jpg', 'name': 'Chris Lu', 'shortName': 'Lu', 'status': 'Open', 'lastTradePrice': 0.01, 'bestBuyYesCost': 0.01, 'bestBuyNoCost': None, 'bestSellYesCost': None, 'bestSellNoCost': 0.99, 'lastClosePrice': 0.01, 'displayOrder': 0}, {'id': 24619, 'dateEnd': '2021-03-01T23:59:00', 'image': 'https://az620379.vo.msecnd.net/images/Contracts/small_d5221dbf-9ee3-48c4-95dd-f5d74aff6ff2.jpg', 'name': 'Rahm Emanuel', 'shortName': 'Emanuel', 'status': 'Open', 'lastTradePrice': 0.01, 'bestBuyYesCost': 0.01, 'bestBuyNoCost': None, 'bestSellYesCost': None, 'bestSellNoCost': 0.99, 'lastClosePrice': 0.01, 'displayOrder': 0}], 'timeStamp': '2021-01-17T10:27:54.1895544', 'status': 'Open'}"
"{'id': 6952, 'name': 'Who will be the Senate-confirmed Attorney General on Mar. 1?', 'shortName': 'Attorney General on Mar. 1?', 'image': 'https://az620379.vo.msecnd.net/images/Markets/00a3423f-9a8e-4469-9969-7f0ac96f78d9.jpg', 'url': 'https://www.predictit.org/markets/detail/6952/Who-will-be-the-Senate-confirmed-Attorney-General-on-Mar-1', 'contracts': [{'id': 24439, 'dateEnd': '2021-03-01T23:59:00', 'image': 'https://az620379.vo.msecnd.net/images/Contracts/small_090b421b-ca35-423c-92db-f32ae77296cb.jpg', 'name': 'Merrick Garland', 'shortName': 'Garland', 'status': 'Open', 'lastTradePrice': 0.87, 'bestBuyYesCost': 0.87, 'bestBuyNoCost': 0.14, 'bestSellYesCost': 0.86, 'bestSellNoCost': 0.13, 'lastClosePrice': 0.88, 'displayOrder': 0}, {'id': 24639, 'dateEnd': '2021-03-01T23:59:00', 'image': 'https://az620379.vo.msecnd.net/images/Contracts/small_cf524dc9-a1aa-479b-975f-4d85f80f2661.jpg', 'name': 'Jeffrey Rosen', 'shortName': 'Rosen', 'status': 'Open', 'lastTradePrice': 0.03, 'bestBuyYesCost': 0.04, 'bestBuyNoCost': 0.97, 'bestSellYesCost': 0.03, 'bestSellNoCost': 0.96, 'lastClosePrice': 0.03, 'displayOrder': 0}, {'id': 24198, 'dateEnd': '2021-03-01T23:59:00', 'image': 'https://az620379.vo.msecnd.net/images/Contracts/small_4ab444f7-0428-4f72-9618-1db18a7b106c.jpg', 'name': 'Bill Barr', 'shortName': 'Barr', 'status': 'Open', 'lastTradePrice': 0.02, 'bestBuyYesCost': 0.02, 'bestBuyNoCost': 0.99, 'bestSellYesCost': 0.01, 'bestSellNoCost': 0.98, 'lastClosePrice': 0.01, 'displayOrder': 0}, {'id': 24199, 'dateEnd': '2021-03-01T23:59:00', 'image': 'https://az620379.vo.msecnd.net/images/Contracts/small_3cbf4f5f-5842-42ce-884f-a08c8a210794.jpg', 'name': 'Amy Klobuchar', 'shortName': 'Klobuchar', 'status': 'Open', 'lastTradePrice': 0.01, 'bestBuyYesCost': 0.01, 'bestBuyNoCost': None, 'bestSellYesCost': None, 'bestSellNoCost': 0.99, 'lastClosePrice': 0.01, 'displayOrder': 0}, {'id': 24200, 'dateEnd': '2021-03-01T23:59:00', 'image': 'https://az620379.vo.msecnd.net/images/Contracts/small_bac22216-a19e-422e-9e1d-e16e5827e85f.jpg', 'name': 'Doug Jones', 'shortName': 'Jones', 'status': 'Open', 'lastTradePrice': 0.01, 'bestBuyYesCost': 0.01, 'bestBuyNoCost': None, 'bestSellYesCost': None, 'bestSellNoCost': 0.99, 'lastClosePrice': 0.01, 'displayOrder': 0}, {'id': 24201, 'dateEnd': '2021-03-01T23:59:00', 'image': 'https://az620379.vo.msecnd.net/images/Contracts/small_d88d66d0-3607-41d8-a0f3-98ba11bf75a6.jpg', 'name': 'Sally Yates', 'shortName': 'Yates', 'status': 'Open', 'lastTradePrice': 0.01, 'bestBuyYesCost': 0.01, 'bestBuyNoCost': None, 'bestSellYesCost': None, 'bestSellNoCost': 0.99, 'lastClosePrice': 0.01, 'displayOrder': 0}, {'id': 24202, 'dateEnd': '2021-03-01T23:59:00', 'image': 'https://az620379.vo.msecnd.net/images/Contracts/small_681e197f-0644-46a1-99d7-38840dc7f9d5.jpg', 'name': 'Xavier Becerra', 'shortName': 'Becerra', 'status': 'Open', 'lastTradePrice': 0.01, 'bestBuyYesCost': 0.01, 'bestBuyNoCost': None, 'bestSellYesCost': None, 'bestSellNoCost': 0.99, 'lastClosePrice': 0.01, 'displayOrder': 0}, {'id': 24203, 'dateEnd': '2021-03-01T23:59:00', 'image': 'https://az620379.vo.msecnd.net/images/Contracts/small_6b484b65-ce63-48f5-a87e-da5624ae231c.jpg', 'name': 'Tom Perez', 'shortName': 'Perez', 'status': 'Open', 'lastTradePrice': 0.01, 'bestBuyYesCost': 0.01, 'bestBuyNoCost': None, 'bestSellYesCost': None, 'bestSellNoCost': 0.99, 'lastClosePrice': 0.01, 'displayOrder': 0}, {'id': 24204, 'dateEnd': '2021-03-01T23:59:00', 'image': 'https://az620379.vo.msecnd.net/images/Contracts/small_97b7802a-7a77-4d3e-9c63-2cbc2482d7f0.jpg', 'name': 'Julián Castro', 'shortName': 'Castro', 'status': 'Open', 'lastTradePrice': 0.01, 'bestBuyYesCost': 0.01, 'bestBuyNoCost': None, 'bestSellYesCost': None, 'bestSellNoCost': 0.99, 'lastClosePrice': 0.01, 'displayOrder': 0}, {'id': 24414, 'dateEnd': '2021-03-01T23:59:00', 'image': 'https://az620379.vo.msecnd.net/images/Contracts/small_911a10df-9d66-42b0-89db-74360285ea8e.jpg', 'name': 'Preet Bharara', 'shortName': 'Bharara', 'status': 'Open', 'lastTradePrice': 0.01, 'bestBuyYesCost': 0.01, 'bestBuyNoCost': None, 'bestSellYesCost': None, 'bestSellNoCost': 0.99, 'lastClosePrice': 0.01, 'displayOrder': 0}, {'id': 24438, 'dateEnd': '2021-03-01T23:59:00', 'image': 'https://az620379.vo.msecnd.net/images/Contracts/small_7af2ae96-084c-45b5-963d-8d07af3b5287.jpg', 'name': 'Deval Patrick', 'shortName': 'Patrick', 'status': 'Open', 'lastTradePrice': 0.01, 'bestBuyYesCost': 0.01, 'bestBuyNoCost': None, 'bestSellYesCost': None, 'bestSellNoCost': 0.99, 'lastClosePrice': 0.01, 'displayOrder': 0}, {'id': 24440, 'dateEnd': '2021-03-01T23:59:00', 'image': 'https://az620379.vo.msecnd.net/images/Contracts/small_86f16472-4279-4cdf-ae6a-b8ce6e69bfb6.jpg', 'name': 'Lisa Monaco', 'shortName': 'Monaco', 'status': 'Open', 'lastTradePrice': 0.01, 'bestBuyYesCost': 0.01, 'bestBuyNoCost': None, 'bestSellYesCost': None, 'bestSellNoCost': 0.99, 'lastClosePrice': 0.01, 'displayOrder': 0}, {'id': 24465, 'dateEnd': '2021-03-01T23:59:00', 'image': 'https://az620379.vo.msecnd.net/images/Contracts/small_f0608255-0a52-4303-b363-8799c051fd1f.jpg', 'name': 'Jeh Johnson', 'shortName': 'Johnson', 'status': 'Open', 'lastTradePrice': 0.01, 'bestBuyYesCost': 0.01, 'bestBuyNoCost': None, 'bestSellYesCost': None, 'bestSellNoCost': 0.99, 'lastClosePrice': 0.01, 'displayOrder': 0}, {'id': 24466, 'dateEnd': '2021-03-01T23:59:00', 'image': 'https://az620379.vo.msecnd.net/images/Contracts/small_764b685a-91a0-4262-b0f9-511659ef409d.jpg', 'name': 'Andrew Cuomo', 'shortName': 'Cuomo', 'status': 'Open', 'lastTradePrice': 0.01, 'bestBuyYesCost': 0.01, 'bestBuyNoCost': None, 'bestSellYesCost': None, 'bestSellNoCost': 0.99, 'lastClosePrice': 0.01, 'displayOrder': 0}, {'id': 24728, 'dateEnd': '2021-03-01T23:59:00', 'image': 'https://az620379.vo.msecnd.net/images/Contracts/small_f646ee92-fe02-4850-bef9-358c4e1c59d1.jpg', 'name': 'Stacey Abrams', 'shortName': 'Abrams', 'status': 'Open', 'lastTradePrice': 0.01, 'bestBuyYesCost': 0.01, 'bestBuyNoCost': None, 'bestSellYesCost': None, 'bestSellNoCost': 0.99, 'lastClosePrice': 0.01, 'displayOrder': 0}], 'timeStamp': '2021-01-17T10:27:54.1895544', 'status': 'Open'}"
"{'id': 6953, 'name': 'Will Kamala Harris file to run for president before the end of 2022?', 'shortName': 'Harris files for President before 2023?', 'image': 'https://az620379.vo.msecnd.net/images/Markets/42e624ca-be5f-4c3e-8939-86bb42b0314d.jpg', 'url': 'https://www.predictit.org/markets/detail/6953/Will-Kamala-Harris-file-to-run-for-president-before-the-end-of-2022', 'contracts': [{'id': 24205, 'dateEnd': '2022-12-31T23:59:00', 'image': 'https://az620379.vo.msecnd.net/images/Contracts/small_42e624ca-be5f-4c3e-8939-86bb42b0314d.jpg', 'name': 'Will Kamala Harris file to run for president before the end of 2022?', 'shortName': 'Harris files for President by 12/31/22?', 'status': 'Open', 'lastTradePrice': 0.32, 'bestBuyYesCost': 0.32, 'bestBuyNoCost': 0.69, 'bestSellYesCost': 0.31, 'bestSellNoCost': 0.68, 'lastClosePrice': 0.31, 'displayOrder': 0}], 'timeStamp': '2021-01-17T10:27:54.1895544', 'status': 'Open'}"
"{'id': 6957, 'name': 'Who will be the Senate-confirmed Treasury Secretary on Mar. 1?', 'shortName': 'Treasury Secretary on Mar. 1?', 'image': 'https://az620379.vo.msecnd.net/images/Markets/bcd52617-9eb1-4b14-bc29-ffb51c2d64a6.jpg', 'url': 'https://www.predictit.org/markets/detail/6957/Who-will-be-the-Senate-confirmed-Treasury-Secretary-on-Mar-1', 'contracts': [{'id': 24301, 'dateEnd': '2021-03-01T23:59:00', 'image': 'https://az620379.vo.msecnd.net/images/Contracts/small_909eeebd-e64d-4b58-9be8-ec22d5d60782.jpg', 'name': 'Janet Yellen', 'shortName': 'Yellen', 'status': 'Open', 'lastTradePrice': 0.88, 'bestBuyYesCost': 0.88, 'bestBuyNoCost': 0.13, 'bestSellYesCost': 0.87, 'bestSellNoCost': 0.12, 'lastClosePrice': 0.89, 'displayOrder': 0}, {'id': 24239, 'dateEnd': '2021-03-01T23:59:00', 'image': 'https://az620379.vo.msecnd.net/images/Contracts/small_0bff138b-c8e6-4040-b8ff-9537d1312685.jpg', 'name': 'Steve Mnuchin', 'shortName': 'Mnuchin', 'status': 'Open', 'lastTradePrice': 0.05, 'bestBuyYesCost': 0.05, 'bestBuyNoCost': 0.96, 'bestSellYesCost': 0.04, 'bestSellNoCost': 0.95, 'lastClosePrice': 0.05, 'displayOrder': 0}, {'id': 24240, 'dateEnd': '2021-03-01T23:59:00', 'image': 'https://az620379.vo.msecnd.net/images/Contracts/small_322243ef-da30-4199-aef3-7bdf8175fbe4.jpg', 'name': 'Elizabeth Warren', 'shortName': 'Warren', 'status': 'Open', 'lastTradePrice': 0.01, 'bestBuyYesCost': 0.01, 'bestBuyNoCost': None, 'bestSellYesCost': None, 'bestSellNoCost': 0.99, 'lastClosePrice': 0.01, 'displayOrder': 0}, {'id': 24241, 'dateEnd': '2021-03-01T23:59:00', 'image': 'https://az620379.vo.msecnd.net/images/Contracts/small_e5cba769-0d1a-4dee-b75e-50fab17ac084.jpg', 'name': 'Lael Brainard', 'shortName': 'Brainard', 'status': 'Open', 'lastTradePrice': 0.01, 'bestBuyYesCost': 0.01, 'bestBuyNoCost': None, 'bestSellYesCost': None, 'bestSellNoCost': 0.99, 'lastClosePrice': 0.01, 'displayOrder': 0}, {'id': 24242, 'dateEnd': '2021-03-01T23:59:00', 'image': 'https://az620379.vo.msecnd.net/images/Contracts/small_4b2bf087-0b5d-4fbf-a9a9-fa8335d2091c.jpg', 'name': 'Sarah Bloom Raskin', 'shortName': 'Bloom Raskin', 'status': 'Open', 'lastTradePrice': 0.01, 'bestBuyYesCost': 0.01, 'bestBuyNoCost': None, 'bestSellYesCost': None, 'bestSellNoCost': 0.99, 'lastClosePrice': 0.01, 'displayOrder': 0}, {'id': 24243, 'dateEnd': '2021-03-01T23:59:00', 'image': 'https://az620379.vo.msecnd.net/images/Contracts/small_398c0a17-55f1-4242-9b1b-52487b013436.jpg', 'name': 'Raphael Bostic', 'shortName': 'Bostic', 'status': 'Open', 'lastTradePrice': 0.01, 'bestBuyYesCost': 0.01, 'bestBuyNoCost': None, 'bestSellYesCost': None, 'bestSellNoCost': 0.99, 'lastClosePrice': 0.01, 'displayOrder': 0}, {'id': 24244, 'dateEnd': '2021-03-01T23:59:00', 'image': 'https://az620379.vo.msecnd.net/images/Contracts/small_5c525326-3451-43ec-b354-87f69e97f97c.jpg', 'name': 'Roger Ferguson', 'shortName': 'Ferguson', 'status': 'Open', 'lastTradePrice': 0.01, 'bestBuyYesCost': 0.01, 'bestBuyNoCost': None, 'bestSellYesCost': None, 'bestSellNoCost': 0.99, 'lastClosePrice': 0.01, 'displayOrder': 0}, {'id': 24245, 'dateEnd': '2021-03-01T23:59:00', 'image': 'https://az620379.vo.msecnd.net/images/Contracts/small_783b02b8-9c26-41de-91d4-8b1cf0988455.jpg', 'name': 'Mellody Hobson', 'shortName': 'Hobson', 'status': 'Open', 'lastTradePrice': 0.01, 'bestBuyYesCost': 0.01, 'bestBuyNoCost': None, 'bestSellYesCost': None, 'bestSellNoCost': 0.99, 'lastClosePrice': 0.01, 'displayOrder': 0}, {'id': 24319, 'dateEnd': '2021-03-01T23:59:00', 'image': 'https://az620379.vo.msecnd.net/images/Contracts/small_9aab9ab9-e07e-4ef2-ad0c-aa71cb99b623.jpg', 'name': 'Gina Raimondo', 'shortName': 'Raimondo', 'status': 'Open', 'lastTradePrice': 0.01, 'bestBuyYesCost': 0.01, 'bestBuyNoCost': None, 'bestSellYesCost': None, 'bestSellNoCost': 0.99, 'lastClosePrice': 0.01, 'displayOrder': 0}], 'timeStamp': '2021-01-17T10:27:54.1895544', 'status': 'Open'}"
"{'id': 6958, 'name': 'Who will be the Senate-confirmed HUD Secretary on Mar. 1?', 'shortName': 'HUD Secretary on Mar. 1?', 'image': 'https://az620379.vo.msecnd.net/images/Markets/d0a9ca4a-3c74-4022-9e47-51618fb10183.jpg', 'url': 'https://www.predictit.org/markets/detail/6958/Who-will-be-the-Senate-confirmed-HUD-Secretary-on-Mar-1', 'contracts': [{'id': 24530, 'dateEnd': '2021-03-01T23:59:00', 'image': 'https://az620379.vo.msecnd.net/images/Contracts/small_6fe632c1-6466-4a53-b43d-eeb26069f6e1.jpg', 'name': 'Marcia Fudge', 'shortName': 'Fudge', 'status': 'Open', 'lastTradePrice': 0.52, 'bestBuyYesCost': 0.52, 'bestBuyNoCost': 0.49, 'bestSellYesCost': 0.51, 'bestSellNoCost': 0.48, 'lastClosePrice': 0.5, 'displayOrder': 0}, {'id': 24252, 'dateEnd': '2021-03-01T23:59:00', 'image': 'https://az620379.vo.msecnd.net/images/Contracts/small_13e01fd7-37b3-4ce1-b56b-9213e287ba75.jpg', 'name': 'Ben Carson', 'shortName': 'Carson', 'status': 'Open', 'lastTradePrice': 0.04, 'bestBuyYesCost': 0.05, 'bestBuyNoCost': 0.96, 'bestSellYesCost': 0.04, 'bestSellNoCost': 0.95, 'lastClosePrice': 0.04, 'displayOrder': 0}, {'id': 24246, 'dateEnd': '2021-03-01T23:59:00', 'image': 'https://az620379.vo.msecnd.net/images/Contracts/small_121af5ac-91d5-4d2e-a06a-807a4cc34a84.jpg', 'name': 'Keisha Lance Bottoms', 'shortName': 'Lance Bottoms', 'status': 'Open', 'lastTradePrice': 0.01, 'bestBuyYesCost': 0.01, 'bestBuyNoCost': None, 'bestSellYesCost': None, 'bestSellNoCost': 0.99, 'lastClosePrice': 0.01, 'displayOrder': 0}, {'id': 24247, 'dateEnd': '2021-03-01T23:59:00', 'image': 'https://az620379.vo.msecnd.net/images/Contracts/small_f5447d7b-bd4f-4b55-8ef3-bfd6fd819122.jpg', 'name': 'Jane Castor', 'shortName': 'Castor', 'status': 'Open', 'lastTradePrice': 0.01, 'bestBuyYesCost': 0.01, 'bestBuyNoCost': None, 'bestSellYesCost': None, 'bestSellNoCost': 0.99, 'lastClosePrice': 0.01, 'displayOrder': 0}, {'id': 24248, 'dateEnd': '2021-03-01T23:59:00', 'image': 'https://az620379.vo.msecnd.net/images/Contracts/small_1b3d0ad2-4069-416b-b722-c2e9e6649f9a.jpg', 'name': 'Alvin Brown', 'shortName': 'Brown', 'status': 'Open', 'lastTradePrice': 0.01, 'bestBuyYesCost': 0.01, 'bestBuyNoCost': None, 'bestSellYesCost': None, 'bestSellNoCost': 0.99, 'lastClosePrice': 0.01, 'displayOrder': 0}, {'id': 24249, 'dateEnd': '2021-03-01T23:59:00', 'image': 'https://az620379.vo.msecnd.net/images/Contracts/small_6e8c8f7c-4015-4bc9-b939-2bbffaf41715.jpg', 'name': 'Karen Bass', 'shortName': 'Bass', 'status': 'Open', 'lastTradePrice': 0.01, 'bestBuyYesCost': 0.01, 'bestBuyNoCost': None, 'bestSellYesCost': None, 'bestSellNoCost': 0.99, 'lastClosePrice': 0.01, 'displayOrder': 0}, {'id': 24250, 'dateEnd': '2021-03-01T23:59:00', 'image': 'https://az620379.vo.msecnd.net/images/Contracts/small_3489ae2d-49b7-4b24-b1e7-8f05103cbb63.jpg', 'name': 'Diane Yentel', 'shortName': 'Yentel', 'status': 'Open', 'lastTradePrice': 0.01, 'bestBuyYesCost': 0.01, 'bestBuyNoCost': None, 'bestSellYesCost': None, 'bestSellNoCost': 0.99, 'lastClosePrice': 0.01, 'displayOrder': 0}, {'id': 24251, 'dateEnd': '2021-03-01T23:59:00', 'image': 'https://az620379.vo.msecnd.net/images/Contracts/small_22bd13f8-8878-4b7f-ac76-1dfd40738bfb.jpg', 'name': 'Maurice Jones', 'shortName': 'Jones', 'status': 'Open', 'lastTradePrice': 0.01, 'bestBuyYesCost': 0.01, 'bestBuyNoCost': None, 'bestSellYesCost': None, 'bestSellNoCost': 0.99, 'lastClosePrice': 0.01, 'displayOrder': 0}, {'id': 24320, 'dateEnd': '2021-03-01T23:59:00', 'image': 'https://az620379.vo.msecnd.net/images/Contracts/small_2815c56e-e248-4144-803d-499f0ff75ad2.jpg', 'name': 'Eric Garcetti', 'shortName': 'Garcetti', 'status': 'Open', 'lastTradePrice': 0.01, 'bestBuyYesCost': 0.01, 'bestBuyNoCost': None, 'bestSellYesCost': None, 'bestSellNoCost': 0.99, 'lastClosePrice': 0.01, 'displayOrder': 0}, {'id': 24451, 'dateEnd': '2021-03-01T23:59:00', 'image': 'https://az620379.vo.msecnd.net/images/Contracts/small_87412471-a5b6-4b74-bcc4-685106982248.jpg', 'name': 'Pete Buttigieg', 'shortName': 'Buttigieg', 'status': 'Open', 'lastTradePrice': 0.01, 'bestBuyYesCost': 0.01, 'bestBuyNoCost': None, 'bestSellYesCost': None, 'bestSellNoCost': 0.99, 'lastClosePrice': 0.01, 'displayOrder': 0}], 'timeStamp': '2021-01-17T10:27:54.1895544', 'status': 'Open'}"
"{'id': 6959, 'name': 'What will be the margin in the Georgia special Senate election runoff?', 'shortName': 'Georgia special Senate runoff margin?', 'image': 'https://az620379.vo.msecnd.net/images/Markets/e0efabc5-bdee-4324-9ad6-5fca53941237.jpg', 'url': 'https://www.predictit.org/markets/detail/6959/What-will-be-the-margin-in-the-Georgia-special-Senate-election-runoff', 'contracts': [{'id': 24258, 'dateEnd': 'NA', 'image': 'https://az620379.vo.msecnd.net/images/Contracts/small_04db95ab-2e1e-49af-8078-f990d0234487.jpg', 'name': 'Warnock by 6% +', 'shortName': 'Warnock by 6% +', 'status': 'Open', 'lastTradePrice': 0.01, 'bestBuyYesCost': 0.01, 'bestBuyNoCost': None, 'bestSellYesCost': None, 'bestSellNoCost': 0.99, 'lastClosePrice': 0.01, 'displayOrder': 0}, {'id': 24265, 'dateEnd': 'NA', 'image': 'https://az620379.vo.msecnd.net/images/Contracts/small_04db95ab-2e1e-49af-8078-f990d0234487.jpg', 'name': 'Warnock by 5% - 6%', 'shortName': 'Warnock, 5% - 6%', 'status': 'Open', 'lastTradePrice': 0.01, 'bestBuyYesCost': 0.01, 'bestBuyNoCost': None, 'bestSellYesCost': None, 'bestSellNoCost': 0.99, 'lastClosePrice': 0.01, 'displayOrder': 2}, {'id': 24263, 'dateEnd': 'NA', 'image': 'https://az620379.vo.msecnd.net/images/Contracts/small_04db95ab-2e1e-49af-8078-f990d0234487.jpg', 'name': 'Warnock by 4% - 5%', 'shortName': 'Warnock, 4% - 5%', 'status': 'Open', 'lastTradePrice': 0.01, 'bestBuyYesCost': 0.01, 'bestBuyNoCost': None, 'bestSellYesCost': None, 'bestSellNoCost': 0.99, 'lastClosePrice': 0.01, 'displayOrder': 3}, {'id': 24257, 'dateEnd': 'NA', 'image': 'https://az620379.vo.msecnd.net/images/Contracts/small_04db95ab-2e1e-49af-8078-f990d0234487.jpg', 'name': 'Warnock by 3% - 4%', 'shortName': 'Warnock, 3% - 4%', 'status': 'Open', 'lastTradePrice': 0.01, 'bestBuyYesCost': 0.01, 'bestBuyNoCost': None, 'bestSellYesCost': None, 'bestSellNoCost': 0.99, 'lastClosePrice': 0.01, 'displayOrder': 4}, {'id': 24255, 'dateEnd': 'NA', 'image': 'https://az620379.vo.msecnd.net/images/Contracts/small_04db95ab-2e1e-49af-8078-f990d0234487.jpg', 'name': 'Warnock by 2% - 3%', 'shortName': 'Warnock, 2% - 3%', 'status': 'Open', 'lastTradePrice': 0.97, 'bestBuyYesCost': 0.98, 'bestBuyNoCost': 0.03, 'bestSellYesCost': 0.97, 'bestSellNoCost': 0.02, 'lastClosePrice': 0.97, 'displayOrder': 5}, {'id': 24254, 'dateEnd': 'NA', 'image': 'https://az620379.vo.msecnd.net/images/Contracts/small_04db95ab-2e1e-49af-8078-f990d0234487.jpg', 'name': 'Warnock by 1% - 2%', 'shortName': 'Warnock, 1% - 2%', 'status': 'Open', 'lastTradePrice': 0.01, 'bestBuyYesCost': 0.01, 'bestBuyNoCost': None, 'bestSellYesCost': None, 'bestSellNoCost': 0.99, 'lastClosePrice': 0.01, 'displayOrder': 6}, {'id': 24253, 'dateEnd': 'NA', 'image': 'https://az620379.vo.msecnd.net/images/Contracts/small_04db95ab-2e1e-49af-8078-f990d0234487.jpg', 'name': 'Warnock by under 1%', 'shortName': 'Warnock by < 1%', 'status': 'Open', 'lastTradePrice': 0.01, 'bestBuyYesCost': 0.01, 'bestBuyNoCost': None, 'bestSellYesCost': None, 'bestSellNoCost': 0.99, 'lastClosePrice': 0.01, 'displayOrder': 7}, {'id': 24259, 'dateEnd': 'NA', 'image': 'https://az620379.vo.msecnd.net/images/Contracts/small_990056d8-b01b-491b-afd2-178d094bd214.jpg', 'name': 'Loeffler by under 1%', 'shortName': 'Loeffler by < 1%', 'status': 'Open', 'lastTradePrice': 0.01, 'bestBuyYesCost': 0.01, 'bestBuyNoCost': None, 'bestSellYesCost': None, 'bestSellNoCost': 0.99, 'lastClosePrice': 0.01, 'displayOrder': 8}, {'id': 24260, 'dateEnd': 'NA', 'image': 'https://az620379.vo.msecnd.net/images/Contracts/small_990056d8-b01b-491b-afd2-178d094bd214.jpg', 'name': 'Loeffler by 1% - 2%', 'shortName': 'Loeffler, 1% - 2%', 'status': 'Open', 'lastTradePrice': 0.01, 'bestBuyYesCost': 0.01, 'bestBuyNoCost': None, 'bestSellYesCost': None, 'bestSellNoCost': 0.99, 'lastClosePrice': 0.01, 'displayOrder': 9}, {'id': 24261, 'dateEnd': 'NA', 'image': 'https://az620379.vo.msecnd.net/images/Contracts/small_990056d8-b01b-491b-afd2-178d094bd214.jpg', 'name': 'Loeffler by 2% - 3%', 'shortName': 'Loeffler, 2% - 3%', 'status': 'Open', 'lastTradePrice': 0.01, 'bestBuyYesCost': 0.01, 'bestBuyNoCost': None, 'bestSellYesCost': None, 'bestSellNoCost': 0.99, 'lastClosePrice': 0.01, 'displayOrder': 10}, {'id': 24256, 'dateEnd': 'NA', 'image': 'https://az620379.vo.msecnd.net/images/Contracts/small_990056d8-b01b-491b-afd2-178d094bd214.jpg', 'name': 'Loeffler by 3% - 4%', 'shortName': 'Loeffler, 3% - 4%', 'status': 'Open', 'lastTradePrice': 0.01, 'bestBuyYesCost': 0.01, 'bestBuyNoCost': None, 'bestSellYesCost': None, 'bestSellNoCost': 0.99, 'lastClosePrice': 0.01, 'displayOrder': 11}, {'id': 24264, 'dateEnd': 'NA', 'image': 'https://az620379.vo.msecnd.net/images/Contracts/small_990056d8-b01b-491b-afd2-178d094bd214.jpg', 'name': 'Loeffler by 4% - 5%', 'shortName': 'Loeffler, 4% - 5%', 'status': 'Open', 'lastTradePrice': 0.01, 'bestBuyYesCost': 0.01, 'bestBuyNoCost': None, 'bestSellYesCost': None, 'bestSellNoCost': 0.99, 'lastClosePrice': 0.01, 'displayOrder': 12}, {'id': 24266, 'dateEnd': 'NA', 'image': 'https://az620379.vo.msecnd.net/images/Contracts/small_990056d8-b01b-491b-afd2-178d094bd214.jpg', 'name': 'Loeffler by 5% - 6%', 'shortName': 'Loeffler, 5% - 6%', 'status': 'Open', 'lastTradePrice': 0.01, 'bestBuyYesCost': 0.01, 'bestBuyNoCost': None, 'bestSellYesCost': None, 'bestSellNoCost': 0.99, 'lastClosePrice': 0.01, 'displayOrder': 13}, {'id': 24262, 'dateEnd': 'NA', 'image': 'https://az620379.vo.msecnd.net/images/Contracts/small_990056d8-b01b-491b-afd2-178d094bd214.jpg', 'name': 'Loeffler by 6% +', 'shortName': 'Loeffler by  6% +', 'status': 'Open', 'lastTradePrice': 0.01, 'bestBuyYesCost': 0.01, 'bestBuyNoCost': None, 'bestSellYesCost': None, 'bestSellNoCost': 0.99, 'lastClosePrice': 0.01, 'displayOrder': 15}], 'timeStamp': '2021-01-17T10:27:54.1895544', 'status': 'Open'}"
"{'id': 6960, 'name': 'What will be the margin in the Georgia regular Senate election runoff?', 'shortName': 'Georgia regular Senate runoff margin?', 'image': 'https://az620379.vo.msecnd.net/images/Markets/04d492f2-c093-40bb-a29c-7cd123a541cf.jpg', 'url': 'https://www.predictit.org/markets/detail/6960/What-will-be-the-margin-in-the-Georgia-regular-Senate-election-runoff', 'contracts': [{'id': 24272, 'dateEnd': 'NA', 'image': 'https://az620379.vo.msecnd.net/images/Contracts/small_29f414fc-4939-4565-a323-7e68cd8c922c.jpg', 'name': 'Perdue by 6% or more', 'shortName': 'Perdue by 6% +', 'status': 'Open', 'lastTradePrice': 0.01, 'bestBuyYesCost': 0.01, 'bestBuyNoCost': None, 'bestSellYesCost': None, 'bestSellNoCost': 0.99, 'lastClosePrice': 0.01, 'displayOrder': 0}, {'id': 24279, 'dateEnd': 'NA', 'image': 'https://az620379.vo.msecnd.net/images/Contracts/small_29f414fc-4939-4565-a323-7e68cd8c922c.jpg', 'name': 'Perdue by 5% - 6%', 'shortName': 'Perdue by 5% - 6%', 'status': 'Open', 'lastTradePrice': 0.01, 'bestBuyYesCost': 0.01, 'bestBuyNoCost': None, 'bestSellYesCost': None, 'bestSellNoCost': 0.99, 'lastClosePrice': 0.01, 'displayOrder': 2}, {'id': 24277, 'dateEnd': 'NA', 'image': 'https://az620379.vo.msecnd.net/images/Contracts/small_29f414fc-4939-4565-a323-7e68cd8c922c.jpg', 'name': 'Perdue by 4% - 5%', 'shortName': 'Perdue by 4% - 5%', 'status': 'Open', 'lastTradePrice': 0.01, 'bestBuyYesCost': 0.01, 'bestBuyNoCost': None, 'bestSellYesCost': None, 'bestSellNoCost': 0.99, 'lastClosePrice': 0.01, 'displayOrder': 3}, {'id': 24271, 'dateEnd': 'NA', 'image': 'https://az620379.vo.msecnd.net/images/Contracts/small_29f414fc-4939-4565-a323-7e68cd8c922c.jpg', 'name': 'Perdue by 3% - 4%', 'shortName': 'Perdue by 3% - 4%', 'status': 'Open', 'lastTradePrice': 0.01, 'bestBuyYesCost': 0.01, 'bestBuyNoCost': None, 'bestSellYesCost': None, 'bestSellNoCost': 0.99, 'lastClosePrice': 0.01, 'displayOrder': 4}, {'id': 24269, 'dateEnd': 'NA', 'image': 'https://az620379.vo.msecnd.net/images/Contracts/small_29f414fc-4939-4565-a323-7e68cd8c922c.jpg', 'name': 'Perdue by 2% - 3%', 'shortName': 'Perdue by 2% - 3%', 'status': 'Open', 'lastTradePrice': 0.01, 'bestBuyYesCost': 0.01, 'bestBuyNoCost': None, 'bestSellYesCost': None, 'bestSellNoCost': 0.99, 'lastClosePrice': 0.01, 'displayOrder': 5}, {'id': 24268, 'dateEnd': 'NA', 'image': 'https://az620379.vo.msecnd.net/images/Contracts/small_29f414fc-4939-4565-a323-7e68cd8c922c.jpg', 'name': 'Perdue by 1% - 2%', 'shortName': 'Perdue by 1% - 2%', 'status': 'Open', 'lastTradePrice': 0.01, 'bestBuyYesCost': 0.01, 'bestBuyNoCost': None, 'bestSellYesCost': None, 'bestSellNoCost': 0.99, 'lastClosePrice': 0.01, 'displayOrder': 6}, {'id': 24267, 'dateEnd': 'NA', 'image': 'https://az620379.vo.msecnd.net/images/Contracts/small_29f414fc-4939-4565-a323-7e68cd8c922c.jpg', 'name': 'Perdue by under 1%', 'shortName': 'Perdue by < 1%', 'status': 'Open', 'lastTradePrice': 0.01, 'bestBuyYesCost': 0.01, 'bestBuyNoCost': None, 'bestSellYesCost': None, 'bestSellNoCost': 0.99, 'lastClosePrice': 0.01, 'displayOrder': 7}, {'id': 24273, 'dateEnd': 'NA', 'image': 'https://az620379.vo.msecnd.net/images/Contracts/small_ac23250a-601e-4ab3-86f2-185cc3d89ffb.jpg', 'name': 'Ossoff by under 1%', 'shortName': 'Ossoff by < 1%', 'status': 'Open', 'lastTradePrice': 0.01, 'bestBuyYesCost': 0.01, 'bestBuyNoCost': None, 'bestSellYesCost': None, 'bestSellNoCost': 0.99, 'lastClosePrice': 0.01, 'displayOrder': 8}, {'id': 24274, 'dateEnd': 'NA', 'image': 'https://az620379.vo.msecnd.net/images/Contracts/small_ac23250a-601e-4ab3-86f2-185cc3d89ffb.jpg', 'name': 'Ossoff by 1% - 2%', 'shortName': 'Ossoff by 1% - 2%', 'status': 'Open', 'lastTradePrice': 0.98, 'bestBuyYesCost': 0.99, 'bestBuyNoCost': 0.03, 'bestSellYesCost': 0.97, 'bestSellNoCost': 0.01, 'lastClosePrice': 0.98, 'displayOrder': 9}, {'id': 24275, 'dateEnd': 'NA', 'image': 'https://az620379.vo.msecnd.net/images/Contracts/small_ac23250a-601e-4ab3-86f2-185cc3d89ffb.jpg', 'name': 'Ossoff by 2% - 3%', 'shortName': 'Ossoff by 2% - 3%', 'status': 'Open', 'lastTradePrice': 0.01, 'bestBuyYesCost': 0.01, 'bestBuyNoCost': None, 'bestSellYesCost': None, 'bestSellNoCost': 0.99, 'lastClosePrice': 0.01, 'displayOrder': 10}, {'id': 24270, 'dateEnd': 'NA', 'image': 'https://az620379.vo.msecnd.net/images/Contracts/small_ac23250a-601e-4ab3-86f2-185cc3d89ffb.jpg', 'name': 'Ossoff by 3% - 4%', 'shortName': 'Ossoff by 3% - 4%', 'status': 'Open', 'lastTradePrice': 0.01, 'bestBuyYesCost': 0.01, 'bestBuyNoCost': None, 'bestSellYesCost': None, 'bestSellNoCost': 0.99, 'lastClosePrice': 0.01, 'displayOrder': 11}, {'id': 24278, 'dateEnd': 'NA', 'image': 'https://az620379.vo.msecnd.net/images/Contracts/small_ac23250a-601e-4ab3-86f2-185cc3d89ffb.jpg', 'name': 'Ossoff by 4% - 5%', 'shortName': 'Ossoff by 4% - 5%', 'status': 'Open', 'lastTradePrice': 0.01, 'bestBuyYesCost': 0.01, 'bestBuyNoCost': None, 'bestSellYesCost': None, 'bestSellNoCost': 0.99, 'lastClosePrice': 0.01, 'displayOrder': 12}, {'id': 24280, 'dateEnd': 'NA', 'image': 'https://az620379.vo.msecnd.net/images/Contracts/small_ac23250a-601e-4ab3-86f2-185cc3d89ffb.jpg', 'name': 'Ossoff by 5% - 6%', 'shortName': 'Ossoff by 5% - 6%', 'status': 'Open', 'lastTradePrice': 0.01, 'bestBuyYesCost': 0.01, 'bestBuyNoCost': None, 'bestSellYesCost': None, 'bestSellNoCost': 0.99, 'lastClosePrice': 0.01, 'displayOrder': 13}, {'id': 24276, 'dateEnd': 'NA', 'image': 'https://az620379.vo.msecnd.net/images/Contracts/small_ac23250a-601e-4ab3-86f2-185cc3d89ffb.jpg', 'name': 'Ossoff by 6% or more', 'shortName': 'Ossoff by  6% +', 'status': 'Open', 'lastTradePrice': 0.01, 'bestBuyYesCost': 0.01, 'bestBuyNoCost': None, 'bestSellYesCost': None, 'bestSellNoCost': 0.99, 'lastClosePrice': 0.01, 'displayOrder': 15}], 'timeStamp': '2021-01-17T10:27:54.1895544', 'status': 'Open'}"
"{'id': 6965, 'name': 'Who will be the Senate-confirmed HHS Secretary on Mar. 1?', 'shortName': 'HHS Secretary on Mar. 1?', 'image': 'https://az620379.vo.msecnd.net/images/Markets/1188db7d-c609-4218-b757-392441e94a98.jpg', 'url': 'https://www.predictit.org/markets/detail/6965/Who-will-be-the-Senate-confirmed-HHS-Secretary-on-Mar-1', 'contracts': [{'id': 24592, 'dateEnd': '2021-03-01T23:59:00', 'image': 'https://az620379.vo.msecnd.net/images/Contracts/small_681e197f-0644-46a1-99d7-38840dc7f9d5.jpg', 'name': 'Xavier Becerra', 'shortName': 'Becerra', 'status': 'Open', 'lastTradePrice': 0.87, 'bestBuyYesCost': 0.87, 'bestBuyNoCost': 0.14, 'bestSellYesCost': 0.86, 'bestSellNoCost': 0.13, 'lastClosePrice': 0.87, 'displayOrder': 0}, {'id': 24309, 'dateEnd': '2021-03-01T23:59:00', 'image': 'https://az620379.vo.msecnd.net/images/Contracts/small_6a751b67-6c5d-43c5-8d74-0ed86b2b3072.jpg', 'name': 'Alex Azar', 'shortName': 'Azar', 'status': 'Open', 'lastTradePrice': 0.02, 'bestBuyYesCost': 0.02, 'bestBuyNoCost': 0.99, 'bestSellYesCost': 0.01, 'bestSellNoCost': 0.98, 'lastClosePrice': 0.02, 'displayOrder': 0}, {'id': 24302, 'dateEnd': '2021-03-01T23:59:00', 'image': 'https://az620379.vo.msecnd.net/images/Contracts/small_65930bf2-9450-417a-adb1-9a4ec9072a22.jpg', 'name': 'Pramila Jayapal', 'shortName': 'Jayapal', 'status': 'Open', 'lastTradePrice': 0.01, 'bestBuyYesCost': 0.01, 'bestBuyNoCost': None, 'bestSellYesCost': None, 'bestSellNoCost': 0.99, 'lastClosePrice': 0.01, 'displayOrder': 0}, {'id': 24303, 'dateEnd': '2021-03-01T23:59:00', 'image': 'https://az620379.vo.msecnd.net/images/Contracts/small_02dac7e1-a398-48da-a257-f101729f04c6.jpg', 'name': 'Michelle L. Grisham', 'shortName': 'Lujan Grisham', 'status': 'Open', 'lastTradePrice': 0.01, 'bestBuyYesCost': 0.01, 'bestBuyNoCost': None, 'bestSellYesCost': None, 'bestSellNoCost': 0.99, 'lastClosePrice': 0.01, 'displayOrder': 0}, {'id': 24304, 'dateEnd': '2021-03-01T23:59:00', 'image': 'https://az620379.vo.msecnd.net/images/Contracts/small_3b10615d-6a80-4af6-a914-9c791169f7af.jpg', 'name': 'Jeffrey Zeints', 'shortName': 'Zeints', 'status': 'Open', 'lastTradePrice': 0.01, 'bestBuyYesCost': 0.01, 'bestBuyNoCost': None, 'bestSellYesCost': None, 'bestSellNoCost': 0.99, 'lastClosePrice': 0.01, 'displayOrder': 0}, {'id': 24305, 'dateEnd': '2021-03-01T23:59:00', 'image': 'https://az620379.vo.msecnd.net/images/Contracts/small_6e8c8f7c-4015-4bc9-b939-2bbffaf41715.jpg', 'name': 'Karen Bass', 'shortName': 'Bass', 'status': 'Open', 'lastTradePrice': 0.01, 'bestBuyYesCost': 0.01, 'bestBuyNoCost': None, 'bestSellYesCost': None, 'bestSellNoCost': 0.99, 'lastClosePrice': 0.01, 'displayOrder': 0}, {'id': 24306, 'dateEnd': '2021-03-01T23:59:00', 'image': 'https://az620379.vo.msecnd.net/images/Contracts/small_65305cb2-075a-4138-b2de-c0476a527013.jpg', 'name': 'Vivek Murthy', 'shortName': 'Murthy', 'status': 'Open', 'lastTradePrice': 0.01, 'bestBuyYesCost': 0.01, 'bestBuyNoCost': None, 'bestSellYesCost': None, 'bestSellNoCost': 0.99, 'lastClosePrice': 0.01, 'displayOrder': 0}, {'id': 24307, 'dateEnd': '2021-03-01T23:59:00', 'image': 'https://az620379.vo.msecnd.net/images/Contracts/small_088bf9a3-172b-40f9-bb66-124270070209.jpg', 'name': 'Mandy Cohen', 'shortName': 'Cohen', 'status': 'Open', 'lastTradePrice': 0.01, 'bestBuyYesCost': 0.01, 'bestBuyNoCost': None, 'bestSellYesCost': None, 'bestSellNoCost': 0.99, 'lastClosePrice': 0.01, 'displayOrder': 0}, {'id': 24308, 'dateEnd': '2021-03-01T23:59:00', 'image': 'https://az620379.vo.msecnd.net/images/Contracts/small_b2d8830a-1da1-4d40-8b87-9e98a2b4c681.jpg', 'name': 'David Kessler', 'shortName': 'Carson', 'status': 'Open', 'lastTradePrice': 0.01, 'bestBuyYesCost': 0.01, 'bestBuyNoCost': None, 'bestSellYesCost': None, 'bestSellNoCost': 0.99, 'lastClosePrice': 0.01, 'displayOrder': 0}, {'id': 24310, 'dateEnd': '2021-03-01T23:59:00', 'image': 'https://az620379.vo.msecnd.net/images/Contracts/small_0a4d831c-979e-4253-b148-1ce7aa9c9403.jpg', 'name': 'Eric Hargan', 'shortName': 'Hargan', 'status': 'Open', 'lastTradePrice': 0.01, 'bestBuyYesCost': 0.01, 'bestBuyNoCost': None, 'bestSellYesCost': None, 'bestSellNoCost': 0.99, 'lastClosePrice': 0.01, 'displayOrder': 0}, {'id': 24471, 'dateEnd': '2021-03-01T23:59:00', 'image': 'https://az620379.vo.msecnd.net/images/Contracts/small_6a95c68b-1927-411d-9b68-83f255fb8e00.jpg', 'name': 'Charlie Baker', 'shortName': 'Baker', 'status': 'Open', 'lastTradePrice': 0.01, 'bestBuyYesCost': 0.01, 'bestBuyNoCost': None, 'bestSellYesCost': None, 'bestSellNoCost': 0.99, 'lastClosePrice': 0.01, 'displayOrder': 0}, {'id': 24531, 'dateEnd': '2021-03-01T23:59:00', 'image': 'https://az620379.vo.msecnd.net/images/Contracts/small_9aab9ab9-e07e-4ef2-ad0c-aa71cb99b623.jpg', 'name': 'Gina Raimondo', 'shortName': 'Raimondo', 'status': 'Open', 'lastTradePrice': 0.01, 'bestBuyYesCost': 0.01, 'bestBuyNoCost': None, 'bestSellYesCost': None, 'bestSellNoCost': 0.99, 'lastClosePrice': 0.01, 'displayOrder': 0}, {'id': 24598, 'dateEnd': '2021-03-01T23:59:00', 'image': 'https://az620379.vo.msecnd.net/images/Contracts/small_9e465a64-7251-4119-b3b6-e607cdf56442.jpg', 'name': 'Stacey Stewart', 'shortName': 'Stewart', 'status': 'Open', 'lastTradePrice': 0.01, 'bestBuyYesCost': 0.01, 'bestBuyNoCost': None, 'bestSellYesCost': None, 'bestSellNoCost': 0.99, 'lastClosePrice': 0.01, 'displayOrder': 0}], 'timeStamp': '2021-01-17T10:27:54.1895544', 'status': 'Open'}"
"{'id': 6966, 'name': 'Who will be the Senate-confirmed Commerce Secretary on Mar. 1?', 'shortName': 'Commerce Secretary on Mar. 1?', 'image': 'https://az620379.vo.msecnd.net/images/Markets/65a27f31-baed-4c16-99af-24042a8ed5c8.jpg', 'url': 'https://www.predictit.org/markets/detail/6966/Who-will-be-the-Senate-confirmed-Commerce-Secretary-on-Mar-1', 'contracts': [{'id': 24653, 'dateEnd': '2021-03-01T23:59:00', 'image': 'https://az620379.vo.msecnd.net/images/Contracts/small_9aab9ab9-e07e-4ef2-ad0c-aa71cb99b623.jpg', 'name': 'Gina Raimondo', 'shortName': 'Raimondo', 'status': 'Open', 'lastTradePrice': 0.65, 'bestBuyYesCost': 0.65, 'bestBuyNoCost': 0.36, 'bestSellYesCost': 0.64, 'bestSellNoCost': 0.35, 'lastClosePrice': 0.65, 'displayOrder': 0}, {'id': 24332, 'dateEnd': '2021-03-01T23:59:00', 'image': 'https://az620379.vo.msecnd.net/images/Contracts/small_5504c076-ec33-42e1-bbf7-0e80a42b8f3c.jpg', 'name': 'Wilbur Ross', 'shortName': 'Ross', 'status': 'Open', 'lastTradePrice': 0.05, 'bestBuyYesCost': 0.05, 'bestBuyNoCost': 0.96, 'bestSellYesCost': 0.04, 'bestSellNoCost': 0.95, 'lastClosePrice': 0.04, 'displayOrder': 0}, {'id': 24311, 'dateEnd': '2021-03-01T23:59:00', 'image': 'https://az620379.vo.msecnd.net/images/Contracts/small_467d2639-cace-4a4f-bc4e-4c7bbaa2869e.jpg', 'name': 'Meg Whitman', 'shortName': 'Whitman', 'status': 'Open', 'lastTradePrice': 0.01, 'bestBuyYesCost': 0.01, 'bestBuyNoCost': None, 'bestSellYesCost': None, 'bestSellNoCost': 0.99, 'lastClosePrice': 0.01, 'displayOrder': 0}, {'id': 24312, 'dateEnd': '2021-03-01T23:59:00', 'image': 'https://az620379.vo.msecnd.net/images/Contracts/small_a85589a8-a4f6-4fca-9f11-81e1cf863672.jpg', 'name': 'Terry McAuliffe', 'shortName': 'McAuliffe', 'status': 'Open', 'lastTradePrice': 0.01, 'bestBuyYesCost': 0.01, 'bestBuyNoCost': None, 'bestSellYesCost': None, 'bestSellNoCost': 0.99, 'lastClosePrice': 0.01, 'displayOrder': 0}, {'id': 24313, 'dateEnd': '2021-03-01T23:59:00', 'image': 'https://az620379.vo.msecnd.net/images/Contracts/small_bb363d73-5c1f-4178-8702-7a5a0e26d19e.jpg', 'name': 'Andrew Yang', 'shortName': 'Andrew Yang', 'status': 'Open', 'lastTradePrice': 0.01, 'bestBuyYesCost': 0.01, 'bestBuyNoCost': None, 'bestSellYesCost': None, 'bestSellNoCost': 0.99, 'lastClosePrice': 0.01, 'displayOrder': 0}, {'id': 24314, 'dateEnd': '2021-03-01T23:59:00', 'image': 'https://az620379.vo.msecnd.net/images/Contracts/small_07d8b049-4f06-463e-98ba-d32b2d672018.jpg', 'name': 'Ray Washburne', 'shortName': 'Washburne', 'status': 'Open', 'lastTradePrice': 0.01, 'bestBuyYesCost': 0.01, 'bestBuyNoCost': None, 'bestSellYesCost': None, 'bestSellNoCost': 0.99, 'lastClosePrice': 0.01, 'displayOrder': 0}, {'id': 24315, 'dateEnd': '2021-03-01T23:59:00', 'image': 'https://az620379.vo.msecnd.net/images/Contracts/small_2d85cd28-73b3-4d86-ba22-8f4bbfc4aed4.jpg', 'name': 'Linda McMahon', 'shortName': 'McMahon', 'status': 'Open', 'lastTradePrice': 0.01, 'bestBuyYesCost': 0.01, 'bestBuyNoCost': None, 'bestSellYesCost': None, 'bestSellNoCost': 0.99, 'lastClosePrice': 0.01, 'displayOrder': 0}, {'id': 24316, 'dateEnd': '2021-03-01T23:59:00', 'image': 'https://az620379.vo.msecnd.net/images/Contracts/small_783b02b8-9c26-41de-91d4-8b1cf0988455.jpg', 'name': 'Mellody Hobson', 'shortName': 'Hobson', 'status': 'Open', 'lastTradePrice': 0.01, 'bestBuyYesCost': 0.01, 'bestBuyNoCost': None, 'bestSellYesCost': None, 'bestSellNoCost': 0.99, 'lastClosePrice': 0.01, 'displayOrder': 0}, {'id': 24415, 'dateEnd': '2021-03-01T23:59:00', 'image': 'https://az620379.vo.msecnd.net/images/Contracts/small_e46b7078-f8e0-4136-950c-f12ce50fb2dc.jpg', 'name': 'Tom Steyer', 'shortName': 'Steyer', 'status': 'Open', 'lastTradePrice': 0.01, 'bestBuyYesCost': 0.01, 'bestBuyNoCost': None, 'bestSellYesCost': None, 'bestSellNoCost': 0.99, 'lastClosePrice': 0.01, 'displayOrder': 0}, {'id': 24491, 'dateEnd': '2021-03-01T23:59:00', 'image': 'https://az620379.vo.msecnd.net/images/Contracts/small_73e1803c-21be-47ef-be31-84c6d356caf1.jpg', 'name': 'Gene Sperling', 'shortName': 'Sperling', 'status': 'Open', 'lastTradePrice': 0.01, 'bestBuyYesCost': 0.01, 'bestBuyNoCost': None, 'bestSellYesCost': None, 'bestSellNoCost': 0.99, 'lastClosePrice': 0.01, 'displayOrder': 0}, {'id': 24492, 'dateEnd': '2021-03-01T23:59:00', 'image': 'https://az620379.vo.msecnd.net/images/Contracts/small_c24e1194-a731-4107-838f-9b133a686d76.jpg', 'name': 'Neera Tanden', 'shortName': 'Tanden', 'status': 'Open', 'lastTradePrice': 0.01, 'bestBuyYesCost': 0.01, 'bestBuyNoCost': None, 'bestSellYesCost': None, 'bestSellNoCost': 0.99, 'lastClosePrice': 0.01, 'displayOrder': 0}, {'id': 24493, 'dateEnd': '2021-03-01T23:59:00', 'image': 'https://az620379.vo.msecnd.net/images/Contracts/small_492dba5c-aa06-46a9-81e3-f98b4d37ea29.jpg', 'name': 'John Podesta', 'shortName': 'Podesta', 'status': 'Open', 'lastTradePrice': 0.01, 'bestBuyYesCost': 0.01, 'bestBuyNoCost': None, 'bestSellYesCost': None, 'bestSellNoCost': 0.99, 'lastClosePrice': 0.01, 'displayOrder': 0}, {'id': 24494, 'dateEnd': '2021-03-01T23:59:00', 'image': 'https://az620379.vo.msecnd.net/images/Contracts/small_931324bf-d838-4164-b28c-c0154baf4686.jpg', 'name': 'Heather Boushey', 'shortName': 'Boushey', 'status': 'Open', 'lastTradePrice': 0.01, 'bestBuyYesCost': 0.01, 'bestBuyNoCost': None, 'bestSellYesCost': None, 'bestSellNoCost': 0.99, 'lastClosePrice': 0.01, 'displayOrder': 0}, {'id': 24529, 'dateEnd': '2021-03-01T23:59:00', 'image': 'https://az620379.vo.msecnd.net/images/Contracts/small_87412471-a5b6-4b74-bcc4-685106982248.jpg', 'name': 'Pete Buttigieg', 'shortName': 'Buttigieg', 'status': 'Open', 'lastTradePrice': 0.01, 'bestBuyYesCost': 0.01, 'bestBuyNoCost': None, 'bestSellYesCost': None, 'bestSellNoCost': 0.99, 'lastClosePrice': 0.01, 'displayOrder': 0}, {'id': 24654, 'dateEnd': '2021-03-01T23:59:00', 'image': 'https://az620379.vo.msecnd.net/images/Contracts/small_df29f54e-7ca1-4b14-85fc-1aba9175b795.jpg', 'name': 'Ursula Burns', 'shortName': 'Burns', 'status': 'Open', 'lastTradePrice': 0.01, 'bestBuyYesCost': 0.01, 'bestBuyNoCost': None, 'bestSellYesCost': None, 'bestSellNoCost': 0.99, 'lastClosePrice': 0.01, 'displayOrder': 0}, {'id': 24672, 'dateEnd': '2021-03-01T23:59:00', 'image': 'https://az620379.vo.msecnd.net/images/Contracts/small_41d393e7-92e2-4722-96b9-cd4a88b02168.jpg', 'name': 'Susan Helper', 'shortName': 'Helper', 'status': 'Open', 'lastTradePrice': 0.01, 'bestBuyYesCost': 0.01, 'bestBuyNoCost': None, 'bestSellYesCost': None, 'bestSellNoCost': 0.99, 'lastClosePrice': 0.01, 'displayOrder': 0}, {'id': 24673, 'dateEnd': '2021-03-01T23:59:00', 'image': 'https://az620379.vo.msecnd.net/images/Contracts/small_81a51e86-c72e-45b7-a825-84aa6587ad6e.jpg', 'name': 'Rohit Chopra', 'shortName': 'Chopra', 'status': 'Open', 'lastTradePrice': 0.01, 'bestBuyYesCost': 0.01, 'bestBuyNoCost': None, 'bestSellYesCost': None, 'bestSellNoCost': 0.99, 'lastClosePrice': 0.01, 'displayOrder': 0}, {'id': 24674, 'dateEnd': '2021-03-01T23:59:00', 'image': 'https://az620379.vo.msecnd.net/images/Contracts/small_f5230083-c028-45d3-bb70-61d159923e53.jpg', 'name': 'Indra Nooyi', 'shortName': 'Nooyi', 'status': 'Open', 'lastTradePrice': 0.01, 'bestBuyYesCost': 0.01, 'bestBuyNoCost': None, 'bestSellYesCost': None, 'bestSellNoCost': 0.99, 'lastClosePrice': 0.01, 'displayOrder': 0}, {'id': 24677, 'dateEnd': '2021-03-01T23:59:00', 'image': 'https://az620379.vo.msecnd.net/images/Contracts/small_23681d06-131a-48aa-a570-f5187a0db2b4.jpg', 'name': 'Dominic Ng', 'shortName': 'Ng', 'status': 'Open', 'lastTradePrice': 0.01, 'bestBuyYesCost': 0.01, 'bestBuyNoCost': None, 'bestSellYesCost': None, 'bestSellNoCost': 0.99, 'lastClosePrice': 0.01, 'displayOrder': 0}], 'timeStamp': '2021-01-17T10:27:54.1895544', 'status': 'Open'}"
"{'id': 6971, 'name': 'Who will be the Senate-confirmed Homeland Security Secretary on Mar. 1?', 'shortName': 'Homeland Security Secretary on Mar. 1?', 'image': 'https://az620379.vo.msecnd.net/images/Markets/cef9a20e-697e-404f-9578-2235633c8e21.jpg', 'url': 'https://www.predictit.org/markets/detail/6971/Who-will-be-the-Senate-confirmed-Homeland-Security-Secretary-on-Mar-1', 'contracts': [{'id': 24333, 'dateEnd': '2021-03-01T23:59:00', 'image': 'https://az620379.vo.msecnd.net/images/Contracts/small_77ea91b3-ec29-450f-bb8e-25c2cebd73f7.jpg', 'name': 'Alejandro Mayorkas', 'shortName': 'Mayorkas', 'status': 'Open', 'lastTradePrice': 0.86, 'bestBuyYesCost': 0.87, 'bestBuyNoCost': 0.14, 'bestSellYesCost': 0.86, 'bestSellNoCost': 0.13, 'lastClosePrice': 0.87, 'displayOrder': 0}, {'id': 24337, 'dateEnd': '2021-03-01T23:59:00', 'image': 'https://az620379.vo.msecnd.net/images/Contracts/small_faf49a0c-fdb7-4622-9b13-e773318121d7.jpg', 'name': 'Stephen Miller', 'shortName': 'Miller', 'status': 'Open', 'lastTradePrice': 0.03, 'bestBuyYesCost': 0.03, 'bestBuyNoCost': 0.98, 'bestSellYesCost': 0.02, 'bestSellNoCost': 0.97, 'lastClosePrice': 0.02, 'displayOrder': 0}, {'id': 24334, 'dateEnd': '2021-03-01T23:59:00', 'image': 'https://az620379.vo.msecnd.net/images/Contracts/small_681e197f-0644-46a1-99d7-38840dc7f9d5.jpg', 'name': 'Xavier Becerra', 'shortName': 'Becerra', 'status': 'Open', 'lastTradePrice': 0.01, 'bestBuyYesCost': 0.01, 'bestBuyNoCost': None, 'bestSellYesCost': None, 'bestSellNoCost': 0.99, 'lastClosePrice': 0.01, 'displayOrder': 0}, {'id': 24335, 'dateEnd': '2021-03-01T23:59:00', 'image': 'https://az620379.vo.msecnd.net/images/Contracts/small_a898b196-9a0f-454e-99fe-36e21c62f343.jpg', 'name': 'Gavin Newsom', 'shortName': 'Newsom', 'status': 'Open', 'lastTradePrice': 0.01, 'bestBuyYesCost': 0.01, 'bestBuyNoCost': None, 'bestSellYesCost': None, 'bestSellNoCost': 0.99, 'lastClosePrice': 0.01, 'displayOrder': 0}, {'id': 24336, 'dateEnd': '2021-03-01T23:59:00', 'image': 'https://az620379.vo.msecnd.net/images/Contracts/small_5612d8e2-210c-4151-90ab-3a36b9a40675.jpg', 'name': 'Val Demings', 'shortName': 'Demings', 'status': 'Open', 'lastTradePrice': 0.01, 'bestBuyYesCost': 0.01, 'bestBuyNoCost': None, 'bestSellYesCost': None, 'bestSellNoCost': 0.99, 'lastClosePrice': 0.01, 'displayOrder': 0}, {'id': 24349, 'dateEnd': '2021-03-01T23:59:00', 'image': 'https://az620379.vo.msecnd.net/images/Contracts/small_86f16472-4279-4cdf-ae6a-b8ce6e69bfb6.jpg', 'name': 'Lisa Monaco', 'shortName': 'Monaco', 'status': 'Open', 'lastTradePrice': 0.01, 'bestBuyYesCost': 0.01, 'bestBuyNoCost': None, 'bestSellYesCost': None, 'bestSellNoCost': 0.99, 'lastClosePrice': 0.01, 'displayOrder': 0}], 'timeStamp': '2021-01-17T10:27:54.1895544', 'status': 'Open'}"
"{'id': 6972, 'name': 'Who will be the Senate-confirmed Energy Secretary on Mar. 1?', 'shortName': 'Energy Secretary on March 1?', 'image': 'https://az620379.vo.msecnd.net/images/Markets/9ac85d1b-5dee-4838-b7c5-d9036a234eba.jpg', 'url': 'https://www.predictit.org/markets/detail/6972/Who-will-be-the-Senate-confirmed-Energy-Secretary-on-Mar-1', 'contracts': [{'id': 24452, 'dateEnd': '2021-03-01T23:59:00', 'image': 'https://az620379.vo.msecnd.net/images/Contracts/small_4a76deaf-b53b-4106-aa42-4831ab41a3e0.jpg', 'name': 'Jennifer Granholm', 'shortName': 'Granholm', 'status': 'Open', 'lastTradePrice': 0.85, 'bestBuyYesCost': 0.85, 'bestBuyNoCost': 0.16, 'bestSellYesCost': 0.84, 'bestSellNoCost': 0.15, 'lastClosePrice': 0.85, 'displayOrder': 0}, {'id': 24342, 'dateEnd': '2021-03-01T23:59:00', 'image': 'https://az620379.vo.msecnd.net/images/Contracts/small_2351042d-0c79-435b-a224-c8f6bdb7b0ee.jpg', 'name': 'Dan Brouillette', 'shortName': 'Brouillette', 'status': 'Open', 'lastTradePrice': 0.05, 'bestBuyYesCost': 0.06, 'bestBuyNoCost': 0.96, 'bestSellYesCost': 0.04, 'bestSellNoCost': 0.94, 'lastClosePrice': 0.05, 'displayOrder': 0}, {'id': 24338, 'dateEnd': '2021-03-01T23:59:00', 'image': 'https://az620379.vo.msecnd.net/images/Contracts/small_7dd3e230-ccce-4f67-adfd-93ee1a30f035.jpg', 'name': 'Ernest Moniz', 'shortName': 'Moniz', 'status': 'Open', 'lastTradePrice': 0.01, 'bestBuyYesCost': 0.01, 'bestBuyNoCost': None, 'bestSellYesCost': None, 'bestSellNoCost': 0.99, 'lastClosePrice': 0.01, 'displayOrder': 0}, {'id': 24339, 'dateEnd': '2021-03-01T23:59:00', 'image': 'https://az620379.vo.msecnd.net/images/Contracts/small_895311fc-ceab-4f3c-bfe7-993cd426aa52.jpg', 'name': 'E. Sherwood-Randall', 'shortName': 'Sherwood-Randall', 'status': 'Open', 'lastTradePrice': 0.01, 'bestBuyYesCost': 0.01, 'bestBuyNoCost': None, 'bestSellYesCost': None, 'bestSellNoCost': 0.99, 'lastClosePrice': 0.01, 'displayOrder': 0}, {'id': 24340, 'dateEnd': '2021-03-01T23:59:00', 'image': 'https://az620379.vo.msecnd.net/images/Contracts/small_2d493990-01f6-476f-be18-7fee75160ebb.jpg', 'name': 'Arun Majumdar', 'shortName': 'Majumdar', 'status': 'Open', 'lastTradePrice': 0.01, 'bestBuyYesCost': 0.01, 'bestBuyNoCost': None, 'bestSellYesCost': None, 'bestSellNoCost': 0.99, 'lastClosePrice': 0.01, 'displayOrder': 0}, {'id': 24341, 'dateEnd': '2021-03-01T23:59:00', 'image': 'https://az620379.vo.msecnd.net/images/Contracts/small_62358a6f-054a-43a0-b2ab-7d0b1969a9b4.jpg', 'name': 'Jay Inslee', 'shortName': 'Inslee', 'status': 'Open', 'lastTradePrice': 0.01, 'bestBuyYesCost': 0.01, 'bestBuyNoCost': None, 'bestSellYesCost': None, 'bestSellNoCost': 0.99, 'lastClosePrice': 0.01, 'displayOrder': 0}, {'id': 24400, 'dateEnd': '2021-03-01T23:59:00', 'image': 'https://az620379.vo.msecnd.net/images/Contracts/small_06687bd4-8100-4f67-8850-e19f61d95690.jpg', 'name': 'Dan Reicher', 'shortName': 'Reicher', 'status': 'Open', 'lastTradePrice': 0.01, 'bestBuyYesCost': 0.01, 'bestBuyNoCost': None, 'bestSellYesCost': None, 'bestSellNoCost': 0.99, 'lastClosePrice': 0.01, 'displayOrder': 0}], 'timeStamp': '2021-01-17T10:27:54.1895544', 'status': 'Open'}"
"{'id': 6975, 'name': 'Will Mike Pence file to run for president before the end of 2022?', 'shortName': 'Pence files for President before 2023?', 'image': 'https://az620379.vo.msecnd.net/images/Markets/3074a2e1-9027-4c1c-a50f-18db9c0a9bd4.jpg', 'url': 'https://www.predictit.org/markets/detail/6975/Will-Mike-Pence-file-to-run-for-president-before-the-end-of-2022', 'contracts': [{'id': 24361, 'dateEnd': '2022-12-31T23:59:00', 'image': 'https://az620379.vo.msecnd.net/images/Contracts/small_3074a2e1-9027-4c1c-a50f-18db9c0a9bd4.jpg', 'name': 'Will Mike Pence file to run for president before the end of 2022?', 'shortName': 'Pence files for President by 12/31/22?', 'status': 'Open', 'lastTradePrice': 0.26, 'bestBuyYesCost': 0.28, 'bestBuyNoCost': 0.74, 'bestSellYesCost': 0.26, 'bestSellNoCost': 0.72, 'lastClosePrice': 0.28, 'displayOrder': 0}], 'timeStamp': '2021-01-17T10:27:54.1895544', 'status': 'Open'}"
"{'id': 6976, 'name': 'Who will be the Senate-confirmed Interior Secretary on Mar. 1?', 'shortName': 'Interior Secretary on March 1?', 'image': 'https://az620379.vo.msecnd.net/images/Markets/5712fefe-f26e-4c0d-8445-afc3636ef6f4.jpg', 'url': 'https://www.predictit.org/markets/detail/6976/Who-will-be-the-Senate-confirmed-Interior-Secretary-on-Mar-1', 'contracts': [{'id': 24365, 'dateEnd': '2021-03-01T23:59:00', 'image': 'https://az620379.vo.msecnd.net/images/Contracts/small_0789615c-e876-437f-8dea-6864f033bb12.jpg', 'name': 'Deb Haaland', 'shortName': 'Haaland', 'status': 'Open', 'lastTradePrice': 0.49, 'bestBuyYesCost': 0.5, 'bestBuyNoCost': 0.51, 'bestSellYesCost': 0.49, 'bestSellNoCost': 0.5, 'lastClosePrice': 0.5, 'displayOrder': 0}, {'id': 24367, 'dateEnd': '2021-03-01T23:59:00', 'image': 'https://az620379.vo.msecnd.net/images/Contracts/small_fc20208f-a874-4723-97d1-26e09996ec03.jpg', 'name': 'David Bernhardt', 'shortName': 'Bernhardt', 'status': 'Open', 'lastTradePrice': 0.04, 'bestBuyYesCost': 0.05, 'bestBuyNoCost': 0.96, 'bestSellYesCost': 0.04, 'bestSellNoCost': 0.95, 'lastClosePrice': 0.05, 'displayOrder': 0}, {'id': 24362, 'dateEnd': '2021-03-01T23:59:00', 'image': 'https://az620379.vo.msecnd.net/images/Contracts/small_795d26dd-4ff4-46ba-9a24-eb32154953d7.jpg', 'name': 'Steve Bullock', 'shortName': 'Bullock', 'status': 'Open', 'lastTradePrice': 0.01, 'bestBuyYesCost': 0.01, 'bestBuyNoCost': None, 'bestSellYesCost': None, 'bestSellNoCost': 0.99, 'lastClosePrice': 0.01, 'displayOrder': 0}, {'id': 24363, 'dateEnd': '2021-03-01T23:59:00', 'image': 'https://az620379.vo.msecnd.net/images/Contracts/small_dd395311-981b-4fe3-bf4c-ad9d6d50ea0f.jpg', 'name': 'Tom Udall', 'shortName': 'Udall', 'status': 'Open', 'lastTradePrice': 0.01, 'bestBuyYesCost': 0.01, 'bestBuyNoCost': None, 'bestSellYesCost': None, 'bestSellNoCost': 0.99, 'lastClosePrice': 0.01, 'displayOrder': 0}, {'id': 24364, 'dateEnd': '2021-03-01T23:59:00', 'image': 'https://az620379.vo.msecnd.net/images/Contracts/small_1acc842b-141f-4e68-9a9c-c2be15c3749d.jpg', 'name': 'Martin Heinrich', 'shortName': 'Heinrich', 'status': 'Open', 'lastTradePrice': 0.01, 'bestBuyYesCost': 0.01, 'bestBuyNoCost': None, 'bestSellYesCost': None, 'bestSellNoCost': 0.99, 'lastClosePrice': 0.01, 'displayOrder': 0}, {'id': 24366, 'dateEnd': '2021-03-01T23:59:00', 'image': 'https://az620379.vo.msecnd.net/images/Contracts/small_7a59aefd-35c5-43df-8ad4-bd594cbfbf19.jpg', 'name': 'Raul Grijalva', 'shortName': 'Grijalva', 'status': 'Open', 'lastTradePrice': 0.01, 'bestBuyYesCost': 0.01, 'bestBuyNoCost': None, 'bestSellYesCost': None, 'bestSellNoCost': 0.99, 'lastClosePrice': 0.01, 'displayOrder': 0}, {'id': 24405, 'dateEnd': '2021-03-01T23:59:00', 'image': 'https://az620379.vo.msecnd.net/images/Contracts/small_925914dd-5a86-45c0-b3da-e2db7e120a89.jpg', 'name': 'Michael Connor', 'shortName': 'Connor', 'status': 'Open', 'lastTradePrice': 0.01, 'bestBuyYesCost': 0.01, 'bestBuyNoCost': None, 'bestSellYesCost': None, 'bestSellNoCost': 0.99, 'lastClosePrice': 0.01, 'displayOrder': 0}, {'id': 24472, 'dateEnd': '2021-03-01T23:59:00', 'image': 'https://az620379.vo.msecnd.net/images/Contracts/small_78e8c993-680c-43c7-b889-6083ccc311b6.jpg', 'name': 'Carol Moseley Braun', 'shortName': 'Moseley Braun', 'status': 'Open', 'lastTradePrice': 0.01, 'bestBuyYesCost': 0.01, 'bestBuyNoCost': None, 'bestSellYesCost': None, 'bestSellNoCost': 0.99, 'lastClosePrice': 0.01, 'displayOrder': 0}], 'timeStamp': '2021-01-17T10:27:54.1895544', 'status': 'Open'}"
"{'id': 6977, 'name': 'Who will be the Senate-confirmed CIA Director on Mar. 1?', 'shortName': 'CIA Director on March 1?', 'image': 'https://az620379.vo.msecnd.net/images/Markets/5273e0d3-c733-407f-b6fc-59e115473917.jpg', 'url': 'https://www.predictit.org/markets/detail/6977/Who-will-be-the-Senate-confirmed-CIA-Director-on-Mar-1', 'contracts': [{'id': 24742, 'dateEnd': '2021-03-01T23:59:00', 'image': 'https://az620379.vo.msecnd.net/images/Contracts/small_4537f54e-9106-4de8-869a-f1c04c92b7d1.jpg', 'name': 'William Burns', 'shortName': 'Burns', 'status': 'Open', 'lastTradePrice': 0.78, 'bestBuyYesCost': 0.78, 'bestBuyNoCost': 0.23, 'bestSellYesCost': 0.77, 'bestSellNoCost': 0.22, 'lastClosePrice': 0.78, 'displayOrder': 0}, {'id': 24371, 'dateEnd': '2021-03-01T23:59:00', 'image': 'https://az620379.vo.msecnd.net/images/Contracts/small_9b3c04a2-845b-44a9-87e5-6adbf9ae4c19.jpg', 'name': 'Gina Haspel', 'shortName': 'Haspel', 'status': 'Open', 'lastTradePrice': 0.04, 'bestBuyYesCost': 0.04, 'bestBuyNoCost': 0.97, 'bestSellYesCost': 0.03, 'bestSellNoCost': 0.96, 'lastClosePrice': 0.04, 'displayOrder': 0}, {'id': 24486, 'dateEnd': '2021-03-01T23:59:00', 'image': 'https://az620379.vo.msecnd.net/images/Contracts/small_f048cb8c-73c4-4ce5-8ad2-ac23544aedcf.jpg', 'name': 'David Cohen', 'shortName': 'Cohen', 'status': 'Open', 'lastTradePrice': 0.02, 'bestBuyYesCost': 0.02, 'bestBuyNoCost': 0.99, 'bestSellYesCost': 0.01, 'bestSellNoCost': 0.98, 'lastClosePrice': 0.01, 'displayOrder': 0}, {'id': 24368, 'dateEnd': '2021-03-01T23:59:00', 'image': 'https://az620379.vo.msecnd.net/images/Contracts/small_5dc4dee1-354a-44b7-855f-d0648ccc9cdf.jpg', 'name': 'Tom Donilon', 'shortName': 'Donilon', 'status': 'Open', 'lastTradePrice': 0.01, 'bestBuyYesCost': 0.01, 'bestBuyNoCost': None, 'bestSellYesCost': None, 'bestSellNoCost': 0.99, 'lastClosePrice': 0.01, 'displayOrder': 0}, {'id': 24369, 'dateEnd': '2021-03-01T23:59:00', 'image': 'https://az620379.vo.msecnd.net/images/Contracts/small_c63cb3d8-5965-48cf-900f-f13759764831.jpg', 'name': 'Avril Haines', 'shortName': 'Haines', 'status': 'Open', 'lastTradePrice': 0.01, 'bestBuyYesCost': 0.01, 'bestBuyNoCost': None, 'bestSellYesCost': None, 'bestSellNoCost': 0.99, 'lastClosePrice': 0.01, 'displayOrder': 0}, {'id': 24370, 'dateEnd': '2021-03-01T23:59:00', 'image': 'https://az620379.vo.msecnd.net/images/Contracts/small_d506beb2-0400-41c3-a8d4-ce8ef685740e.jpg', 'name': 'Mike Morell', 'shortName': 'Morell', 'status': 'Open', 'lastTradePrice': 0.01, 'bestBuyYesCost': 0.01, 'bestBuyNoCost': None, 'bestSellYesCost': None, 'bestSellNoCost': 0.99, 'lastClosePrice': 0.01, 'displayOrder': 0}, {'id': 24485, 'dateEnd': '2021-03-01T23:59:00', 'image': 'https://az620379.vo.msecnd.net/images/Contracts/small_e1c42119-39e9-4a9e-a145-aa4245ca311a.jpg', 'name': 'Elissa Slotkin', 'shortName': 'Slotkin', 'status': 'Open', 'lastTradePrice': 0.01, 'bestBuyYesCost': 0.01, 'bestBuyNoCost': None, 'bestSellYesCost': None, 'bestSellNoCost': 0.99, 'lastClosePrice': 0.01, 'displayOrder': 0}, {'id': 24487, 'dateEnd': '2021-03-01T23:59:00', 'image': 'https://az620379.vo.msecnd.net/images/Contracts/small_48463479-2787-4c55-afa4-e175b8ddb0f8.jpg', 'name': 'Susan Gordon', 'shortName': 'Gordon', 'status': 'Open', 'lastTradePrice': 0.01, 'bestBuyYesCost': 0.01, 'bestBuyNoCost': None, 'bestSellYesCost': None, 'bestSellNoCost': 0.99, 'lastClosePrice': 0.01, 'displayOrder': 0}, {'id': 24488, 'dateEnd': '2021-03-01T23:59:00', 'image': 'https://az620379.vo.msecnd.net/images/Contracts/small_1e4a7b3a-d223-48b4-8dfc-b72650a1c109.jpg', 'name': 'Darrell Blocker', 'shortName': 'Blocker', 'status': 'Open', 'lastTradePrice': 0.01, 'bestBuyYesCost': 0.01, 'bestBuyNoCost': None, 'bestSellYesCost': None, 'bestSellNoCost': 0.99, 'lastClosePrice': 0.01, 'displayOrder': 0}, {'id': 24489, 'dateEnd': '2021-03-01T23:59:00', 'image': 'https://az620379.vo.msecnd.net/images/Contracts/small_f18d3437-9fa8-4057-9586-997d88238ec1.jpg', 'name': 'Vincent Stewart', 'shortName': 'Stewart', 'status': 'Open', 'lastTradePrice': 0.01, 'bestBuyYesCost': 0.01, 'bestBuyNoCost': None, 'bestSellYesCost': None, 'bestSellNoCost': 0.99, 'lastClosePrice': 0.01, 'displayOrder': 0}, {'id': 24495, 'dateEnd': '2021-03-01T23:59:00', 'image': 'https://az620379.vo.msecnd.net/images/Contracts/small_f0608255-0a52-4303-b363-8799c051fd1f.jpg', 'name': 'Jeh Johnson', 'shortName': 'Johnson', 'status': 'Open', 'lastTradePrice': 0.01, 'bestBuyYesCost': 0.01, 'bestBuyNoCost': None, 'bestSellYesCost': None, 'bestSellNoCost': 0.99, 'lastClosePrice': 0.01, 'displayOrder': 0}, {'id': 24618, 'dateEnd': '2021-03-01T23:59:00', 'image': 'https://az620379.vo.msecnd.net/images/Contracts/small_86f16472-4279-4cdf-ae6a-b8ce6e69bfb6.jpg', 'name': 'Lisa Monaco', 'shortName': 'Monaco', 'status': 'Open', 'lastTradePrice': 0.01, 'bestBuyYesCost': 0.01, 'bestBuyNoCost': None, 'bestSellYesCost': None, 'bestSellNoCost': 0.99, 'lastClosePrice': 0.01, 'displayOrder': 0}], 'timeStamp': '2021-01-17T10:27:54.1895544', 'status': 'Open'}"
"{'id': 6978, 'name': 'Who will be the Senate-confirmed Secretary of Education on Mar. 1?', 'shortName': 'Secretary of Education on Mar. 1?', 'image': 'https://az620379.vo.msecnd.net/images/Markets/6b2d1a88-38f2-4d7d-8dda-9933474fd6f2.jpg', 'url': 'https://www.predictit.org/markets/detail/6978/Who-will-be-the-Senate-confirmed-Secretary-of-Education-on-Mar-1', 'contracts': [{'id': 24656, 'dateEnd': '2021-03-01T23:59:00', 'image': 'https://az620379.vo.msecnd.net/images/Contracts/small_4cafa995-ca46-439b-8e48-fa178d7eb449.jpg', 'name': 'Miguel Cardona', 'shortName': 'Cardona', 'status': 'Open', 'lastTradePrice': 0.86, 'bestBuyYesCost': 0.86, 'bestBuyNoCost': 0.15, 'bestSellYesCost': 0.85, 'bestSellNoCost': 0.14, 'lastClosePrice': 0.85, 'displayOrder': 0}, {'id': 24377, 'dateEnd': '2021-03-01T23:59:00', 'image': 'https://az620379.vo.msecnd.net/images/Contracts/small_840c4141-180b-4f90-9462-cd722efd8abe.jpg', 'name': 'Betsy DeVos', 'shortName': 'DeVos', 'status': 'Open', 'lastTradePrice': 0.02, 'bestBuyYesCost': 0.02, 'bestBuyNoCost': 0.99, 'bestSellYesCost': 0.01, 'bestSellNoCost': 0.98, 'lastClosePrice': 0.02, 'displayOrder': 0}, {'id': 24373, 'dateEnd': '2021-03-01T23:59:00', 'image': 'https://az620379.vo.msecnd.net/images/Contracts/small_8af1c9b4-3181-4a69-af27-43fb462f629d.jpg', 'name': 'Lily Eskelsen Garcia', 'shortName': 'Eskelsen Garcia', 'status': 'Open', 'lastTradePrice': 0.01, 'bestBuyYesCost': 0.01, 'bestBuyNoCost': None, 'bestSellYesCost': None, 'bestSellNoCost': 0.99, 'lastClosePrice': 0.01, 'displayOrder': 0}, {'id': 24374, 'dateEnd': '2021-03-01T23:59:00', 'image': 'https://az620379.vo.msecnd.net/images/Contracts/small_c850b7f1-cc8b-494d-8234-716b1d11f02e.jpg', 'name': 'Randi Weingarten', 'shortName': 'Weingarten', 'status': 'Open', 'lastTradePrice': 0.01, 'bestBuyYesCost': 0.01, 'bestBuyNoCost': None, 'bestSellYesCost': None, 'bestSellNoCost': 0.99, 'lastClosePrice': 0.01, 'displayOrder': 0}, {'id': 24375, 'dateEnd': '2021-03-01T23:59:00', 'image': 'https://az620379.vo.msecnd.net/images/Contracts/small_32c13233-80ab-4d38-9277-d2f5cb02071f.jpg', 'name': 'L. Darling-Hammond', 'shortName': 'Darling-Hammond', 'status': 'Open', 'lastTradePrice': 0.01, 'bestBuyYesCost': 0.01, 'bestBuyNoCost': None, 'bestSellYesCost': None, 'bestSellNoCost': 0.99, 'lastClosePrice': 0.01, 'displayOrder': 0}, {'id': 24376, 'dateEnd': '2021-03-01T23:59:00', 'image': 'https://az620379.vo.msecnd.net/images/Contracts/small_7d3dd792-c44f-4d73-b450-cdf2f62f7cf8.jpg', 'name': 'Amy Gutmann', 'shortName': 'Gutmann', 'status': 'Open', 'lastTradePrice': 0.01, 'bestBuyYesCost': 0.01, 'bestBuyNoCost': None, 'bestSellYesCost': None, 'bestSellNoCost': 0.99, 'lastClosePrice': 0.01, 'displayOrder': 0}, {'id': 24398, 'dateEnd': '2021-03-01T23:59:00', 'image': 'https://az620379.vo.msecnd.net/images/Contracts/small_e43466d7-325d-4e0c-8cd4-fa160a73c815.jpg', 'name': 'Jahana Hayes', 'shortName': 'Hayes', 'status': 'Open', 'lastTradePrice': 0.01, 'bestBuyYesCost': 0.01, 'bestBuyNoCost': None, 'bestSellYesCost': None, 'bestSellNoCost': 0.99, 'lastClosePrice': 0.01, 'displayOrder': 0}, {'id': 24399, 'dateEnd': '2021-03-01T23:59:00', 'image': 'https://az620379.vo.msecnd.net/images/Contracts/small_0e74d5ce-5867-41af-81a7-75b3f76bcd7d.jpg', 'name': 'Tony Thurmond', 'shortName': 'Thurmond', 'status': 'Open', 'lastTradePrice': 0.01, 'bestBuyYesCost': 0.01, 'bestBuyNoCost': None, 'bestSellYesCost': None, 'bestSellNoCost': 0.99, 'lastClosePrice': 0.01, 'displayOrder': 0}, {'id': 24437, 'dateEnd': '2021-03-01T23:59:00', 'image': 'https://az620379.vo.msecnd.net/images/Contracts/small_43e96835-74ed-4291-9d97-5dcbbee7579c.jpg', 'name': 'Freeman A. Hrabowski', 'shortName': 'Hrabowski', 'status': 'Open', 'lastTradePrice': 0.01, 'bestBuyYesCost': 0.01, 'bestBuyNoCost': None, 'bestSellYesCost': None, 'bestSellNoCost': 0.99, 'lastClosePrice': 0.01, 'displayOrder': 0}, {'id': 24448, 'dateEnd': '2021-03-01T23:59:00', 'image': 'https://az620379.vo.msecnd.net/images/Contracts/small_df6494c7-6d1c-4f57-94a9-16f3738fd7c9.jpg', 'name': 'Sonja Santelises', 'shortName': 'Santelises', 'status': 'Open', 'lastTradePrice': 0.01, 'bestBuyYesCost': 0.01, 'bestBuyNoCost': None, 'bestSellYesCost': None, 'bestSellNoCost': 0.99, 'lastClosePrice': 0.01, 'displayOrder': 0}, {'id': 24449, 'dateEnd': '2021-03-01T23:59:00', 'image': 'https://az620379.vo.msecnd.net/images/Contracts/small_ab5752f6-5632-4a25-9b23-329b45e2675a.jpg', 'name': 'Eduardo Padrón', 'shortName': 'Padrón', 'status': 'Open', 'lastTradePrice': 0.01, 'bestBuyYesCost': 0.01, 'bestBuyNoCost': None, 'bestSellYesCost': None, 'bestSellNoCost': 0.99, 'lastClosePrice': 0.01, 'displayOrder': 0}, {'id': 24514, 'dateEnd': '2021-03-01T23:59:00', 'image': 'https://az620379.vo.msecnd.net/images/Contracts/small_e4dfe362-b6bd-4ae7-99a6-318b8af1ceea.jpg', 'name': 'Sean Spiller', 'shortName': 'Spiller', 'status': 'Open', 'lastTradePrice': 0.01, 'bestBuyYesCost': 0.01, 'bestBuyNoCost': None, 'bestSellYesCost': None, 'bestSellNoCost': 0.99, 'lastClosePrice': 0.01, 'displayOrder': 0}, {'id': 24655, 'dateEnd': '2021-03-01T23:59:00', 'image': 'https://az620379.vo.msecnd.net/images/Contracts/small_4b6e38f4-ee53-47ed-86cb-67f8f38a9d81.jpg', 'name': 'Leslie Fenwick', 'shortName': 'Fenwick', 'status': 'Open', 'lastTradePrice': 0.01, 'bestBuyYesCost': 0.01, 'bestBuyNoCost': None, 'bestSellYesCost': None, 'bestSellNoCost': 0.99, 'lastClosePrice': 0.01, 'displayOrder': 0}, {'id': 24675, 'dateEnd': '2021-03-01T23:59:00', 'image': 'https://az620379.vo.msecnd.net/images/Contracts/small_4b9514d5-4c50-4754-9fd4-cb36f00e5f41.jpg', 'name': 'Sharon Contreras', 'shortName': 'Contreras', 'status': 'Open', 'lastTradePrice': 0.01, 'bestBuyYesCost': 0.01, 'bestBuyNoCost': None, 'bestSellYesCost': None, 'bestSellNoCost': 0.99, 'lastClosePrice': 0.01, 'displayOrder': 0}], 'timeStamp': '2021-01-17T10:27:54.1895544', 'status': 'Open'}"
"{'id': 6979, 'name': 'Who will be the Senate-confirmed Transportation Secretary on Mar. 1?', 'shortName': 'Transportation Secretary on March 1?', 'image': 'https://az620379.vo.msecnd.net/images/Markets/93e79522-55f1-4c0c-91e8-60fe89165efc.jpg', 'url': 'https://www.predictit.org/markets/detail/6979/Who-will-be-the-Senate-confirmed-Transportation-Secretary-on-Mar-1', 'contracts': [{'id': 24490, 'dateEnd': '2021-03-01T23:59:00', 'image': 'https://az620379.vo.msecnd.net/images/Contracts/small_87412471-a5b6-4b74-bcc4-685106982248.jpg', 'name': 'Pete Buttigieg', 'shortName': 'Buttigieg', 'status': 'Open', 'lastTradePrice': 0.87, 'bestBuyYesCost': 0.88, 'bestBuyNoCost': 0.14, 'bestSellYesCost': 0.86, 'bestSellNoCost': 0.12, 'lastClosePrice': 0.88, 'displayOrder': 0}, {'id': 24378, 'dateEnd': '2021-03-01T23:59:00', 'image': 'https://az620379.vo.msecnd.net/images/Contracts/small_2815c56e-e248-4144-803d-499f0ff75ad2.jpg', 'name': 'Eric Garcetti', 'shortName': 'Garcetti', 'status': 'Open', 'lastTradePrice': 0.01, 'bestBuyYesCost': 0.01, 'bestBuyNoCost': None, 'bestSellYesCost': None, 'bestSellNoCost': 0.99, 'lastClosePrice': 0.01, 'displayOrder': 0}, {'id': 24379, 'dateEnd': '2021-03-01T23:59:00', 'image': 'https://az620379.vo.msecnd.net/images/Contracts/small_d5221dbf-9ee3-48c4-95dd-f5d74aff6ff2.jpg', 'name': 'Rahm Emmanuel', 'shortName': 'Emmanuel', 'status': 'Open', 'lastTradePrice': 0.01, 'bestBuyYesCost': 0.01, 'bestBuyNoCost': None, 'bestSellYesCost': None, 'bestSellNoCost': 0.99, 'lastClosePrice': 0.01, 'displayOrder': 0}, {'id': 24380, 'dateEnd': '2021-03-01T23:59:00', 'image': 'https://az620379.vo.msecnd.net/images/Contracts/small_d311635a-7238-40d2-971f-bc6ecdbd32dd.jpg', 'name': 'Earl Blumenauer', 'shortName': 'Blumenauer', 'status': 'Open', 'lastTradePrice': 0.01, 'bestBuyYesCost': 0.01, 'bestBuyNoCost': None, 'bestSellYesCost': None, 'bestSellNoCost': 0.99, 'lastClosePrice': 0.01, 'displayOrder': 0}, {'id': 24381, 'dateEnd': '2021-03-01T23:59:00', 'image': 'https://az620379.vo.msecnd.net/images/Contracts/small_efa18ef7-0733-4894-965c-ae8b1d7ed1ad.jpg', 'name': 'Elaine Chao', 'shortName': 'Chao', 'status': 'Open', 'lastTradePrice': 0.01, 'bestBuyYesCost': 0.01, 'bestBuyNoCost': None, 'bestSellYesCost': None, 'bestSellNoCost': 0.99, 'lastClosePrice': 0.01, 'displayOrder': 0}, {'id': 24416, 'dateEnd': '2021-03-01T23:59:00', 'image': 'https://az620379.vo.msecnd.net/images/Contracts/small_1166460d-b00d-4269-a25c-29540e2481a0.jpg', 'name': 'Beth Osborne', 'shortName': 'Osborne', 'status': 'Open', 'lastTradePrice': 0.01, 'bestBuyYesCost': 0.01, 'bestBuyNoCost': None, 'bestSellYesCost': None, 'bestSellNoCost': 0.99, 'lastClosePrice': 0.01, 'displayOrder': 0}, {'id': 24453, 'dateEnd': '2021-03-01T23:59:00', 'image': 'https://az620379.vo.msecnd.net/images/Contracts/small_4a76deaf-b53b-4106-aa42-4831ab41a3e0.jpg', 'name': 'Jennifer Granholm', 'shortName': 'Granholm', 'status': 'Open', 'lastTradePrice': 0.01, 'bestBuyYesCost': 0.01, 'bestBuyNoCost': None, 'bestSellYesCost': None, 'bestSellNoCost': 0.99, 'lastClosePrice': 0.01, 'displayOrder': 0}, {'id': 24599, 'dateEnd': '2021-03-01T23:59:00', 'image': 'https://az620379.vo.msecnd.net/images/Contracts/small_c361dce9-5934-4103-9910-ab0180be62a9.jpg', 'name': 'Sarah Feinberg', 'shortName': 'Feinberg', 'status': 'Open', 'lastTradePrice': 0.01, 'bestBuyYesCost': 0.01, 'bestBuyNoCost': None, 'bestSellYesCost': None, 'bestSellNoCost': 0.99, 'lastClosePrice': 0.01, 'displayOrder': 0}, {'id': 24615, 'dateEnd': '2021-03-01T23:59:00', 'image': 'https://az620379.vo.msecnd.net/images/Contracts/small_4c7d9bde-4b1a-4b49-b2b7-826548a1da96.jpg', 'name': 'David Kim', 'shortName': 'Kim', 'status': 'Open', 'lastTradePrice': 0.01, 'bestBuyYesCost': 0.01, 'bestBuyNoCost': None, 'bestSellYesCost': None, 'bestSellNoCost': 0.99, 'lastClosePrice': 0.01, 'displayOrder': 0}, {'id': 24616, 'dateEnd': '2021-03-01T23:59:00', 'image': 'https://az620379.vo.msecnd.net/images/Contracts/small_6b484b65-ce63-48f5-a87e-da5624ae231c.jpg', 'name': 'Tom Perez', 'shortName': 'Perez', 'status': 'Open', 'lastTradePrice': 0.01, 'bestBuyYesCost': 0.01, 'bestBuyNoCost': None, 'bestSellYesCost': None, 'bestSellNoCost': 0.99, 'lastClosePrice': 0.01, 'displayOrder': 0}, {'id': 24617, 'dateEnd': '2021-03-01T23:59:00', 'image': 'https://az620379.vo.msecnd.net/images/Contracts/small_e9112c9d-d7c4-4a11-b920-2d52bd832c36.jpg', 'name': 'Polly Trottenberg', 'shortName': 'Trottenberg', 'status': 'Open', 'lastTradePrice': 0.01, 'bestBuyYesCost': 0.01, 'bestBuyNoCost': None, 'bestSellYesCost': None, 'bestSellNoCost': 0.99, 'lastClosePrice': 0.01, 'displayOrder': 0}], 'timeStamp': '2021-01-17T10:27:54.1895544', 'status': 'Open'}"
"{'id': 6980, 'name': 'Who will be the Senate-confirmed Agriculture Secretary on Mar. 1?', 'shortName': 'Agriculture Secretary on March 1?', 'image': 'https://az620379.vo.msecnd.net/images/Markets/31db548f-968e-41a7-86a5-6e72f9ba94a7.jpg', 'url': 'https://www.predictit.org/markets/detail/6980/Who-will-be-the-Senate-confirmed-Agriculture-Secretary-on-Mar-1', 'contracts': [{'id': 24382, 'dateEnd': '2021-03-01T23:59:00', 'image': 'https://az620379.vo.msecnd.net/images/Contracts/small_9793fc16-0c81-46e9-b407-df5fe99496e5.jpg', 'name': 'Tom Vilsack', 'shortName': 'Vilsack', 'status': 'Open', 'lastTradePrice': 0.87, 'bestBuyYesCost': 0.87, 'bestBuyNoCost': 0.14, 'bestSellYesCost': 0.86, 'bestSellNoCost': 0.13, 'lastClosePrice': 0.87, 'displayOrder': 0}, {'id': 24387, 'dateEnd': '2021-03-01T23:59:00', 'image': 'https://az620379.vo.msecnd.net/images/Contracts/small_8d748fa5-5daf-41fa-b61a-9b5c25b4d2a2.jpg', 'name': 'Sonny Perdue', 'shortName': 'Perdue', 'status': 'Open', 'lastTradePrice': 0.04, 'bestBuyYesCost': 0.05, 'bestBuyNoCost': 0.96, 'bestSellYesCost': 0.04, 'bestSellNoCost': 0.95, 'lastClosePrice': 0.05, 'displayOrder': 0}, {'id': 24383, 'dateEnd': '2021-03-01T23:59:00', 'image': 'https://az620379.vo.msecnd.net/images/Contracts/small_dadf8ca5-fca3-4d54-96f9-a84e6efd8875.jpg', 'name': 'Heidi Heitkamp', 'shortName': 'Heitkamp', 'status': 'Open', 'lastTradePrice': 0.01, 'bestBuyYesCost': 0.01, 'bestBuyNoCost': None, 'bestSellYesCost': None, 'bestSellNoCost': 0.99, 'lastClosePrice': 0.01, 'displayOrder': 0}, {'id': 24384, 'dateEnd': '2021-03-01T23:59:00', 'image': 'https://az620379.vo.msecnd.net/images/Contracts/small_6fe632c1-6466-4a53-b43d-eeb26069f6e1.jpg', 'name': 'Marcia Fudge', 'shortName': 'Fudge', 'status': 'Open', 'lastTradePrice': 0.01, 'bestBuyYesCost': 0.01, 'bestBuyNoCost': None, 'bestSellYesCost': None, 'bestSellNoCost': 0.99, 'lastClosePrice': 0.01, 'displayOrder': 0}, {'id': 24385, 'dateEnd': '2021-03-01T23:59:00', 'image': 'https://az620379.vo.msecnd.net/images/Contracts/small_8fedb958-40ca-4f26-b68f-eddbd1cd9f4b.jpg', 'name': 'Cheri Bustos', 'shortName': 'Bustos', 'status': 'Open', 'lastTradePrice': 0.01, 'bestBuyYesCost': 0.01, 'bestBuyNoCost': None, 'bestSellYesCost': None, 'bestSellNoCost': 0.99, 'lastClosePrice': 0.01, 'displayOrder': 0}, {'id': 24386, 'dateEnd': '2021-03-01T23:59:00', 'image': 'https://az620379.vo.msecnd.net/images/Contracts/small_3cbf4f5f-5842-42ce-884f-a08c8a210794.jpg', 'name': 'Amy Klobuchar', 'shortName': 'Klobuchar', 'status': 'Open', 'lastTradePrice': 0.01, 'bestBuyYesCost': 0.01, 'bestBuyNoCost': None, 'bestSellYesCost': None, 'bestSellNoCost': 0.99, 'lastClosePrice': 0.01, 'displayOrder': 0}, {'id': 24396, 'dateEnd': '2021-03-01T23:59:00', 'image': 'https://az620379.vo.msecnd.net/images/Contracts/small_77550dfc-5b55-48bf-8174-828d98498244.jpg', 'name': 'Chellie Pingree', 'shortName': 'Pingree', 'status': 'Open', 'lastTradePrice': 0.01, 'bestBuyYesCost': 0.01, 'bestBuyNoCost': None, 'bestSellYesCost': None, 'bestSellNoCost': 0.99, 'lastClosePrice': 0.01, 'displayOrder': 0}, {'id': 24528, 'dateEnd': '2021-03-01T23:59:00', 'image': 'https://az620379.vo.msecnd.net/images/Contracts/small_45565592-6006-450c-b8b2-aee42a2e2bf3.jpg', 'name': 'Theresa Greenfield', 'shortName': 'Greenfield', 'status': 'Open', 'lastTradePrice': 0.01, 'bestBuyYesCost': 0.01, 'bestBuyNoCost': None, 'bestSellYesCost': None, 'bestSellNoCost': 0.99, 'lastClosePrice': 0.01, 'displayOrder': 0}, {'id': 24589, 'dateEnd': '2021-03-01T23:59:00', 'image': 'https://az620379.vo.msecnd.net/images/Contracts/small_aad529de-6cd3-4f24-9987-9f1ee3e15af2.jpg', 'name': 'Arturo Rodriguez', 'shortName': 'Rodriguez', 'status': 'Open', 'lastTradePrice': 0.01, 'bestBuyYesCost': 0.01, 'bestBuyNoCost': None, 'bestSellYesCost': None, 'bestSellNoCost': 0.99, 'lastClosePrice': 0.01, 'displayOrder': 0}, {'id': 24590, 'dateEnd': '2021-03-01T23:59:00', 'image': 'https://az620379.vo.msecnd.net/images/Contracts/small_830e7f36-4c72-41dc-85f3-5f33862eacd6.jpg', 'name': 'Kathleen Merrigan', 'shortName': 'Merrigan', 'status': 'Open', 'lastTradePrice': 0.01, 'bestBuyYesCost': 0.01, 'bestBuyNoCost': None, 'bestSellYesCost': None, 'bestSellNoCost': 0.99, 'lastClosePrice': 0.01, 'displayOrder': 0}, {'id': 24596, 'dateEnd': '2021-03-01T23:59:00', 'image': 'https://az620379.vo.msecnd.net/images/Contracts/small_0c0611c9-3c4e-4f0e-9f71-e0c10c847324.jpg', 'name': 'Karen Ross', 'shortName': 'Ross', 'status': 'Open', 'lastTradePrice': 0.01, 'bestBuyYesCost': 0.01, 'bestBuyNoCost': None, 'bestSellYesCost': None, 'bestSellNoCost': 0.99, 'lastClosePrice': 0.01, 'displayOrder': 0}, {'id': 24606, 'dateEnd': '2021-03-01T23:59:00', 'image': 'https://az620379.vo.msecnd.net/images/Contracts/small_795d26dd-4ff4-46ba-9a24-eb32154953d7.jpg', 'name': 'Steve Bullock', 'shortName': 'Bullock', 'status': 'Open', 'lastTradePrice': 0.01, 'bestBuyYesCost': 0.01, 'bestBuyNoCost': None, 'bestSellYesCost': None, 'bestSellNoCost': 0.99, 'lastClosePrice': 0.01, 'displayOrder': 0}], 'timeStamp': '2021-01-17T10:27:54.1895544', 'status': 'Open'}"
"{'id': 6981, 'name': 'Who will be the Senate-confirmed EPA Administrator on Mar. 1?', 'shortName': 'EPA Administrator on March 1?', 'image': 'https://az620379.vo.msecnd.net/images/Markets/79dc6001-9018-45a8-8eb4-8ebe9e44d320.jpg', 'url': 'https://www.predictit.org/markets/detail/6981/Who-will-be-the-Senate-confirmed-EPA-Administrator-on-Mar-1', 'contracts': [{'id': 24630, 'dateEnd': '2021-03-01T23:59:00', 'image': 'https://az620379.vo.msecnd.net/images/Contracts/small_5f3e3760-af4f-49a9-8280-2d3e7e40dd54.jpg', 'name': 'Michael Regan', 'shortName': 'Regan', 'status': 'Open', 'lastTradePrice': 0.83, 'bestBuyYesCost': 0.83, 'bestBuyNoCost': 0.18, 'bestSellYesCost': 0.82, 'bestSellNoCost': 0.17, 'lastClosePrice': 0.83, 'displayOrder': 0}, {'id': 24391, 'dateEnd': '2021-03-01T23:59:00', 'image': 'https://az620379.vo.msecnd.net/images/Contracts/small_5ecbd9ed-e13c-4cea-ad53-6f5d6f4d9a80.jpg', 'name': 'Andrew Wheeler', 'shortName': 'Wheeler', 'status': 'Open', 'lastTradePrice': 0.05, 'bestBuyYesCost': 0.05, 'bestBuyNoCost': 0.96, 'bestSellYesCost': 0.04, 'bestSellNoCost': 0.95, 'lastClosePrice': 0.05, 'displayOrder': 0}, {'id': 24388, 'dateEnd': '2021-03-01T23:59:00', 'image': 'https://az620379.vo.msecnd.net/images/Contracts/small_199c5778-863f-4df8-ae99-f74b92bac893.jpg', 'name': 'Mary Nichols', 'shortName': 'Nichols', 'status': 'Open', 'lastTradePrice': 0.01, 'bestBuyYesCost': 0.01, 'bestBuyNoCost': None, 'bestSellYesCost': None, 'bestSellNoCost': 0.99, 'lastClosePrice': 0.01, 'displayOrder': 0}, {'id': 24389, 'dateEnd': '2021-03-01T23:59:00', 'image': 'https://az620379.vo.msecnd.net/images/Contracts/small_62358a6f-054a-43a0-b2ab-7d0b1969a9b4.jpg', 'name': 'Jay Inslee', 'shortName': 'Inslee', 'status': 'Open', 'lastTradePrice': 0.01, 'bestBuyYesCost': 0.01, 'bestBuyNoCost': None, 'bestSellYesCost': None, 'bestSellNoCost': 0.99, 'lastClosePrice': 0.01, 'displayOrder': 0}, {'id': 24390, 'dateEnd': '2021-03-01T23:59:00', 'image': 'https://az620379.vo.msecnd.net/images/Contracts/small_1adddc13-0d38-43b0-9380-7f664b5f6dff.jpg', 'name': 'Heather McTeer Toney', 'shortName': 'McTeer Toney', 'status': 'Open', 'lastTradePrice': 0.01, 'bestBuyYesCost': 0.01, 'bestBuyNoCost': None, 'bestSellYesCost': None, 'bestSellNoCost': 0.99, 'lastClosePrice': 0.01, 'displayOrder': 0}, {'id': 24401, 'dateEnd': '2021-03-01T23:59:00', 'image': 'https://az620379.vo.msecnd.net/images/Contracts/small_f7d6adc9-877f-4262-91e8-dbdfcadeaf48.jpg', 'name': 'Daniel Esty', 'shortName': 'Esty', 'status': 'Open', 'lastTradePrice': 0.01, 'bestBuyYesCost': 0.01, 'bestBuyNoCost': None, 'bestSellYesCost': None, 'bestSellNoCost': 0.99, 'lastClosePrice': 0.01, 'displayOrder': 0}, {'id': 24402, 'dateEnd': '2021-03-01T23:59:00', 'image': 'https://az620379.vo.msecnd.net/images/Contracts/small_c7137d50-4af0-4ca4-a1fe-e6e7677ffc42.jpg', 'name': ""Collin O'Mara"", 'shortName': ""O'Mara"", 'status': 'Open', 'lastTradePrice': 0.01, 'bestBuyYesCost': 0.01, 'bestBuyNoCost': None, 'bestSellYesCost': None, 'bestSellNoCost': 0.99, 'lastClosePrice': 0.01, 'displayOrder': 0}, {'id': 24403, 'dateEnd': '2021-03-01T23:59:00', 'image': 'https://az620379.vo.msecnd.net/images/Contracts/small_9ea68a6b-d69f-4fcb-a774-bb480b51a291.jpg', 'name': 'Richard Revesz', 'shortName': 'Revesz', 'status': 'Open', 'lastTradePrice': 0.01, 'bestBuyYesCost': 0.01, 'bestBuyNoCost': None, 'bestSellYesCost': None, 'bestSellNoCost': 0.99, 'lastClosePrice': 0.01, 'displayOrder': 0}, {'id': 24404, 'dateEnd': '2021-03-01T23:59:00', 'image': 'https://az620379.vo.msecnd.net/images/Contracts/small_d4a60947-2c2d-418e-ad7f-63d5a9e22313.jpg', 'name': 'Mustafa Santiago Ali', 'shortName': 'Santiago Ali', 'status': 'Open', 'lastTradePrice': 0.01, 'bestBuyYesCost': 0.01, 'bestBuyNoCost': None, 'bestSellYesCost': None, 'bestSellNoCost': 0.99, 'lastClosePrice': 0.01, 'displayOrder': 0}, {'id': 24620, 'dateEnd': '2021-03-01T23:59:00', 'image': 'https://az620379.vo.msecnd.net/images/Contracts/small_a5bbf918-8e18-454e-b3ae-0febad4ece95.jpg', 'name': 'Gina McCarthy', 'shortName': 'McCarthy', 'status': 'Open', 'lastTradePrice': 0.01, 'bestBuyYesCost': 0.01, 'bestBuyNoCost': None, 'bestSellYesCost': None, 'bestSellNoCost': 0.99, 'lastClosePrice': 0.01, 'displayOrder': 0}, {'id': 24627, 'dateEnd': '2021-03-01T23:59:00', 'image': 'https://az620379.vo.msecnd.net/images/Contracts/small_2badacf9-8d7f-4daf-8dfd-e8e2957decc9.jpg', 'name': 'Brenda Mallory', 'shortName': 'Mallory', 'status': 'Open', 'lastTradePrice': 0.01, 'bestBuyYesCost': 0.01, 'bestBuyNoCost': None, 'bestSellYesCost': None, 'bestSellNoCost': 0.99, 'lastClosePrice': 0.01, 'displayOrder': 0}, {'id': 24640, 'dateEnd': '2021-03-01T23:59:00', 'image': 'https://az620379.vo.msecnd.net/images/Contracts/small_2815c56e-e248-4144-803d-499f0ff75ad2.jpg', 'name': 'Eric Garcetti', 'shortName': 'Garcetti', 'status': 'Open', 'lastTradePrice': 0.01, 'bestBuyYesCost': 0.01, 'bestBuyNoCost': None, 'bestSellYesCost': None, 'bestSellNoCost': 0.99, 'lastClosePrice': 0.01, 'displayOrder': 0}], 'timeStamp': '2021-01-17T10:27:54.1895544', 'status': 'Open'}"
"{'id': 6983, 'name': 'Will Alexandria Ocasio-Cortez run  in the 2022 Democratic primary in NY-14?', 'shortName': 'AOC to run in 2022 NY-14 Dem primary?', 'image': 'https://az620379.vo.msecnd.net/images/Markets/b33b636e-de9d-4069-9d3c-7ccb352ee335.jpg', 'url': 'https://www.predictit.org/markets/detail/6983/Will-Alexandria-Ocasio-Cortez-run-in-the-2022-Democratic-primary-in-NY-14', 'contracts': [{'id': 24394, 'dateEnd': 'NA', 'image': 'https://az620379.vo.msecnd.net/images/Contracts/b33b636e-de9d-4069-9d3c-7ccb352ee335.jpg', 'name': 'Will Alexandria Ocasio-Cortez run  in the 2022 Democratic primary in NY-14?', 'shortName': 'AOC to run in 2022 NY-14 Dem primary?', 'status': 'Open', 'lastTradePrice': 0.41, 'bestBuyYesCost': 0.42, 'bestBuyNoCost': 0.59, 'bestSellYesCost': 0.41, 'bestSellNoCost': 0.58, 'lastClosePrice': 0.41, 'displayOrder': 0}], 'timeStamp': '2021-01-17T10:27:54.1895544', 'status': 'Open'}"
"{'id': 6986, 'name': 'Will Pete Buttigieg be confirmed to a Cabinet position by Mar. 1?', 'shortName': 'Buttigieg in Cabinet by Mar. 1?', 'image': 'https://az620379.vo.msecnd.net/images/Markets/a048a2c0-c984-4217-af33-b5ec3014acd6.jpg', 'url': 'https://www.predictit.org/markets/detail/6986/Will-Pete-Buttigieg-be-confirmed-to-a-Cabinet-position-by-Mar-1', 'contracts': [{'id': 24407, 'dateEnd': '2021-03-01T23:59:00', 'image': 'https://az620379.vo.msecnd.net/images/Contracts/small_a048a2c0-c984-4217-af33-b5ec3014acd6.jpg', 'name': 'Will Pete Buttigieg be confirmed to a Cabinet position by Mar. 1?', 'shortName': 'Buttigieg in Cabinet by Mar. 1?', 'status': 'Open', 'lastTradePrice': 0.87, 'bestBuyYesCost': 0.88, 'bestBuyNoCost': 0.13, 'bestSellYesCost': 0.87, 'bestSellNoCost': 0.12, 'lastClosePrice': 0.88, 'displayOrder': 0}], 'timeStamp': '2021-01-17T10:27:54.1895544', 'status': 'Open'}"
"{'id': 6987, 'name': 'Who will be the Senate-confirmed Veterans Affairs Secretary on Mar. 1?', 'shortName': 'VA Secretary on March 1?', 'image': 'https://az620379.vo.msecnd.net/images/Markets/cc5d4d47-8fa2-490c-85be-ae929ce93945.jpg', 'url': 'https://www.predictit.org/markets/detail/6987/Who-will-be-the-Senate-confirmed-Veterans-Affairs-Secretary-on-Mar-1', 'contracts': [{'id': 24614, 'dateEnd': '2021-03-01T23:59:00', 'image': 'https://az620379.vo.msecnd.net/images/Contracts/small_48a1e222-7a41-4788-8a65-b0af24a449db.jpg', 'name': 'Denis McDonough', 'shortName': 'McDonough', 'status': 'Open', 'lastTradePrice': 0.84, 'bestBuyYesCost': 0.85, 'bestBuyNoCost': 0.16, 'bestSellYesCost': 0.84, 'bestSellNoCost': 0.15, 'lastClosePrice': 0.85, 'displayOrder': 0}, {'id': 24421, 'dateEnd': '2021-03-01T23:59:00', 'image': 'https://az620379.vo.msecnd.net/images/Contracts/small_b6b41a97-9ec5-4cce-9bf8-e04c6339e187.jpg', 'name': 'Robert Wilkie', 'shortName': 'Wilkie', 'status': 'Open', 'lastTradePrice': 0.05, 'bestBuyYesCost': 0.05, 'bestBuyNoCost': 0.96, 'bestSellYesCost': 0.04, 'bestSellNoCost': 0.95, 'lastClosePrice': 0.05, 'displayOrder': 0}, {'id': 24417, 'dateEnd': '2021-03-01T23:59:00', 'image': 'https://az620379.vo.msecnd.net/images/Contracts/small_87412471-a5b6-4b74-bcc4-685106982248.jpg', 'name': 'Pete Buttigieg', 'shortName': 'Buttigieg', 'status': 'Open', 'lastTradePrice': 0.01, 'bestBuyYesCost': 0.01, 'bestBuyNoCost': None, 'bestSellYesCost': None, 'bestSellNoCost': 0.99, 'lastClosePrice': 0.01, 'displayOrder': 0}, {'id': 24418, 'dateEnd': '2021-03-01T23:59:00', 'image': 'https://az620379.vo.msecnd.net/images/Contracts/small_b05df89d-8182-40e2-97e4-1920fb769009.jpg', 'name': 'Jason Kander', 'shortName': 'Kander', 'status': 'Open', 'lastTradePrice': 0.01, 'bestBuyYesCost': 0.01, 'bestBuyNoCost': None, 'bestSellYesCost': None, 'bestSellNoCost': 0.99, 'lastClosePrice': 0.01, 'displayOrder': 0}, {'id': 24419, 'dateEnd': '2021-03-01T23:59:00', 'image': 'https://az620379.vo.msecnd.net/images/Contracts/small_ce35a91a-38f3-4d74-9b6b-42eeb0ff1ff6.jpg', 'name': 'Tammy Duckworth', 'shortName': 'Duckworth', 'status': 'Open', 'lastTradePrice': 0.01, 'bestBuyYesCost': 0.01, 'bestBuyNoCost': None, 'bestSellYesCost': None, 'bestSellNoCost': 0.99, 'lastClosePrice': 0.01, 'displayOrder': 0}, {'id': 24420, 'dateEnd': '2021-03-01T23:59:00', 'image': 'https://az620379.vo.msecnd.net/images/Contracts/small_568ab7ad-5d1f-472f-a373-40c253247a33.jpg', 'name': 'Robert McDonald', 'shortName': 'McDonald', 'status': 'Open', 'lastTradePrice': 0.01, 'bestBuyYesCost': 0.01, 'bestBuyNoCost': None, 'bestSellYesCost': None, 'bestSellNoCost': 0.99, 'lastClosePrice': 0.01, 'displayOrder': 0}, {'id': 24436, 'dateEnd': '2021-03-01T23:59:00', 'image': 'https://az620379.vo.msecnd.net/images/Contracts/small_4b9c4ba9-8d52-4ed0-81b7-11d0a3950f34.jpg', 'name': 'Patrick J. Murphy', 'shortName': 'Murphy', 'status': 'Open', 'lastTradePrice': 0.01, 'bestBuyYesCost': 0.01, 'bestBuyNoCost': None, 'bestSellYesCost': None, 'bestSellNoCost': 0.99, 'lastClosePrice': 0.01, 'displayOrder': 0}], 'timeStamp': '2021-01-17T10:27:54.1895544', 'status': 'Open'}"
"{'id': 6989, 'name': 'Who will be the Senate-confirmed Director of National Intelligence on Mar. 1?', 'shortName': 'DNI on March 1?', 'image': 'https://az620379.vo.msecnd.net/images/Markets/42cd9355-3014-443b-a129-78e82fc87108.jpg', 'url': 'https://www.predictit.org/markets/detail/6989/Who-will-be-the-Senate-confirmed-Director-of-National-Intelligence-on-Mar-1', 'contracts': [{'id': 24450, 'dateEnd': '2021-03-01T23:59:00', 'image': 'https://az620379.vo.msecnd.net/images/Contracts/small_c63cb3d8-5965-48cf-900f-f13759764831.jpg', 'name': 'Avril Haines', 'shortName': 'Haines', 'status': 'Open', 'lastTradePrice': 0.87, 'bestBuyYesCost': 0.87, 'bestBuyNoCost': 0.14, 'bestSellYesCost': 0.86, 'bestSellNoCost': 0.13, 'lastClosePrice': 0.88, 'displayOrder': 0}, {'id': 24433, 'dateEnd': '2021-03-01T23:59:00', 'image': 'https://az620379.vo.msecnd.net/images/Contracts/small_ecdcbe65-5b9b-47dc-be97-676bd8713d32.jpg', 'name': 'John Ratcliffe', 'shortName': 'Ratcliffe', 'status': 'Open', 'lastTradePrice': 0.06, 'bestBuyYesCost': 0.07, 'bestBuyNoCost': 0.94, 'bestSellYesCost': 0.06, 'bestSellNoCost': 0.93, 'lastClosePrice': 0.06, 'displayOrder': 0}, {'id': 24430, 'dateEnd': '2021-03-01T23:59:00', 'image': 'https://az620379.vo.msecnd.net/images/Contracts/small_48463479-2787-4c55-afa4-e175b8ddb0f8.jpg', 'name': 'Susan Gordon', 'shortName': 'Gordon', 'status': 'Open', 'lastTradePrice': 0.01, 'bestBuyYesCost': 0.01, 'bestBuyNoCost': None, 'bestSellYesCost': None, 'bestSellNoCost': 0.99, 'lastClosePrice': 0.01, 'displayOrder': 0}, {'id': 24431, 'dateEnd': '2021-03-01T23:59:00', 'image': 'https://az620379.vo.msecnd.net/images/Contracts/small_86f16472-4279-4cdf-ae6a-b8ce6e69bfb6.jpg', 'name': 'Lisa Monaco', 'shortName': 'Monaco', 'status': 'Open', 'lastTradePrice': 0.01, 'bestBuyYesCost': 0.01, 'bestBuyNoCost': None, 'bestSellYesCost': None, 'bestSellNoCost': 0.99, 'lastClosePrice': 0.01, 'displayOrder': 0}, {'id': 24432, 'dateEnd': '2021-03-01T23:59:00', 'image': 'https://az620379.vo.msecnd.net/images/Contracts/small_bb6633e3-1267-45d2-b1b7-31496b73a7b0.jpg', 'name': 'Angus King', 'shortName': 'King', 'status': 'Open', 'lastTradePrice': 0.01, 'bestBuyYesCost': 0.01, 'bestBuyNoCost': None, 'bestSellYesCost': None, 'bestSellNoCost': 0.99, 'lastClosePrice': 0.01, 'displayOrder': 0}], 'timeStamp': '2021-01-17T10:27:54.1895544', 'status': 'Open'}"
"{'id': 6990, 'name': 'Will Amy Klobuchar be confirmed to a Cabinet position by Mar. 1?', 'shortName': 'Klobuchar in Cabinet by Mar. 1?', 'image': 'https://az620379.vo.msecnd.net/images/Markets/0c098188-1c24-4e07-80ed-dab27f45620e.jpg', 'url': 'https://www.predictit.org/markets/detail/6990/Will-Amy-Klobuchar-be-confirmed-to-a-Cabinet-position-by-Mar-1', 'contracts': [{'id': 24434, 'dateEnd': '2021-03-01T23:59:00', 'image': 'https://az620379.vo.msecnd.net/images/Contracts/small_0c098188-1c24-4e07-80ed-dab27f45620e.jpg', 'name': 'Will Amy Klobuchar be confirmed to a Cabinet position by Mar. 1?', 'shortName': 'Klobuchar in Cabinet by Mar. 1?', 'status': 'Open', 'lastTradePrice': 0.01, 'bestBuyYesCost': 0.02, 'bestBuyNoCost': 0.99, 'bestSellYesCost': 0.01, 'bestSellNoCost': 0.98, 'lastClosePrice': 0.01, 'displayOrder': 0}], 'timeStamp': '2021-01-17T10:27:54.1895544', 'status': 'Open'}"
"{'id': 6991, 'name': 'Will Elizabeth Warren be confirmed to a Cabinet position by Mar. 1?', 'shortName': 'Warren in Cabinet by Mar. 1?', 'image': 'https://az620379.vo.msecnd.net/images/Markets/322243ef-da30-4199-aef3-7bdf8175fbe4.jpg', 'url': 'https://www.predictit.org/markets/detail/6991/Will-Elizabeth-Warren-be-confirmed-to-a-Cabinet-position-by-Mar-1', 'contracts': [{'id': 24435, 'dateEnd': '2021-03-01T23:59:00', 'image': 'https://az620379.vo.msecnd.net/images/Contracts/small_322243ef-da30-4199-aef3-7bdf8175fbe4.jpg', 'name': 'Will Elizabeth Warren be confirmed to a Cabinet position by Mar. 1?', 'shortName': 'Warren in Cabinet by Mar. 1?', 'status': 'Open', 'lastTradePrice': 0.02, 'bestBuyYesCost': 0.02, 'bestBuyNoCost': 0.99, 'bestSellYesCost': 0.01, 'bestSellNoCost': 0.98, 'lastClosePrice': 0.01, 'displayOrder': 0}], 'timeStamp': '2021-01-17T10:27:54.1895544', 'status': 'Open'}"
"{'id': 6992, 'name': 'Who will be the Senate-confirmed OMB Director on Mar. 1?', 'shortName': 'OMB Director on March 1?', 'image': 'https://az620379.vo.msecnd.net/images/Markets/bb4397a5-f8b6-4ef5-87e7-0411171c6ecf.jpg', 'url': 'https://www.predictit.org/markets/detail/6992/Who-will-be-the-Senate-confirmed-OMB-Director-on-Mar-1', 'contracts': [{'id': 24481, 'dateEnd': '2021-03-01T23:59:00', 'image': 'https://az620379.vo.msecnd.net/images/Contracts/small_c24e1194-a731-4107-838f-9b133a686d76.jpg', 'name': 'Neera Tanden', 'shortName': 'Tanden', 'status': 'Open', 'lastTradePrice': 0.79, 'bestBuyYesCost': 0.79, 'bestBuyNoCost': 0.22, 'bestSellYesCost': 0.78, 'bestSellNoCost': 0.21, 'lastClosePrice': 0.78, 'displayOrder': 0}, {'id': 24447, 'dateEnd': '2021-03-01T23:59:00', 'image': 'https://az620379.vo.msecnd.net/images/Contracts/small_e6873fe2-209f-4b34-90bd-893f2eb921ce.jpg', 'name': 'Russell Vought', 'shortName': 'Vought', 'status': 'Open', 'lastTradePrice': 0.04, 'bestBuyYesCost': 0.05, 'bestBuyNoCost': 0.96, 'bestSellYesCost': 0.04, 'bestSellNoCost': 0.95, 'lastClosePrice': 0.05, 'displayOrder': 0}, {'id': 24443, 'dateEnd': '2021-03-01T23:59:00', 'image': 'https://az620379.vo.msecnd.net/images/Contracts/small_c66720d2-90e6-4519-beaf-b217c223cdab.jpg', 'name': 'Bruce Reed', 'shortName': 'Reed', 'status': 'Open', 'lastTradePrice': 0.01, 'bestBuyYesCost': 0.01, 'bestBuyNoCost': None, 'bestSellYesCost': None, 'bestSellNoCost': 0.99, 'lastClosePrice': 0.01, 'displayOrder': 0}, {'id': 24444, 'dateEnd': '2021-03-01T23:59:00', 'image': 'https://az620379.vo.msecnd.net/images/Contracts/small_ec47a9e6-aee9-4a95-baa3-0eb0ab7c1c70.jpg', 'name': ""Ann O'Leary"", 'shortName': ""O'Leary"", 'status': 'Open', 'lastTradePrice': 0.01, 'bestBuyYesCost': 0.01, 'bestBuyNoCost': None, 'bestSellYesCost': None, 'bestSellNoCost': 0.99, 'lastClosePrice': 0.01, 'displayOrder': 0}, {'id': 24445, 'dateEnd': '2021-03-01T23:59:00', 'image': 'https://az620379.vo.msecnd.net/images/Contracts/small_3b10615d-6a80-4af6-a914-9c791169f7af.jpg', 'name': 'Jeff Zients', 'shortName': 'Zients', 'status': 'Open', 'lastTradePrice': 0.01, 'bestBuyYesCost': 0.01, 'bestBuyNoCost': None, 'bestSellYesCost': None, 'bestSellNoCost': 0.99, 'lastClosePrice': 0.01, 'displayOrder': 0}, {'id': 24446, 'dateEnd': '2021-03-01T23:59:00', 'image': 'https://az620379.vo.msecnd.net/images/Contracts/small_50f105d9-43ee-4acd-b142-f415f4862f9f.jpg', 'name': 'Brian Deese', 'shortName': 'Deese', 'status': 'Open', 'lastTradePrice': 0.01, 'bestBuyYesCost': 0.01, 'bestBuyNoCost': None, 'bestSellYesCost': None, 'bestSellNoCost': 0.99, 'lastClosePrice': 0.01, 'displayOrder': 0}, {'id': 24468, 'dateEnd': '2021-03-01T23:59:00', 'image': 'https://az620379.vo.msecnd.net/images/Contracts/small_e2f080c6-fa22-4c1d-8d43-7ca87dd3cac6.jpg', 'name': 'John Jones', 'shortName': 'Jones', 'status': 'Open', 'lastTradePrice': 0.01, 'bestBuyYesCost': 0.01, 'bestBuyNoCost': None, 'bestSellYesCost': None, 'bestSellNoCost': 0.99, 'lastClosePrice': 0.01, 'displayOrder': 0}, {'id': 24470, 'dateEnd': '2021-03-01T23:59:00', 'image': 'https://az620379.vo.msecnd.net/images/Contracts/small_9ac99337-2697-42f1-98ef-b3ac8ba42e0e.jpg', 'name': 'Shalanda Young', 'shortName': 'Young', 'status': 'Open', 'lastTradePrice': 0.01, 'bestBuyYesCost': 0.01, 'bestBuyNoCost': None, 'bestSellYesCost': None, 'bestSellNoCost': 0.99, 'lastClosePrice': 0.01, 'displayOrder': 0}, {'id': 24480, 'dateEnd': '2021-03-01T23:59:00', 'image': 'https://az620379.vo.msecnd.net/images/Contracts/small_73e1803c-21be-47ef-be31-84c6d356caf1.jpg', 'name': 'Gene Sperling', 'shortName': 'Sperling', 'status': 'Open', 'lastTradePrice': 0.01, 'bestBuyYesCost': 0.01, 'bestBuyNoCost': None, 'bestSellYesCost': None, 'bestSellNoCost': 0.99, 'lastClosePrice': 0.01, 'displayOrder': 0}], 'timeStamp': '2021-01-17T10:27:54.1895544', 'status': 'Open'}"
"{'id': 6993, 'name': 'Who will be the Senate-confirmed U.S. Trade Representative on Mar. 1?', 'shortName': 'USTR on March 1?', 'image': 'https://az620379.vo.msecnd.net/images/Markets/ce2c97fa-f27d-40c0-87b5-545d6dc750d0.jpg', 'url': 'https://www.predictit.org/markets/detail/6993/Who-will-be-the-Senate-confirmed-US-Trade-Representative-on-Mar-1', 'contracts': [{'id': 24459, 'dateEnd': '2021-03-01T23:59:00', 'image': 'https://az620379.vo.msecnd.net/images/Contracts/small_e47e71c6-d819-4660-b167-73aedaa427e0.jpg', 'name': 'Katherine Tai', 'shortName': 'Katherine Tai', 'status': 'Open', 'lastTradePrice': 0.82, 'bestBuyYesCost': 0.82, 'bestBuyNoCost': 0.19, 'bestSellYesCost': 0.81, 'bestSellNoCost': 0.18, 'lastClosePrice': 0.8, 'displayOrder': 0}, {'id': 24463, 'dateEnd': '2021-03-01T23:59:00', 'image': 'https://az620379.vo.msecnd.net/images/Contracts/small_ce125362-393a-4a4d-9467-626956db650b.jpg', 'name': 'Robert Lighthizer', 'shortName': 'Lighthizer', 'status': 'Open', 'lastTradePrice': 0.05, 'bestBuyYesCost': 0.06, 'bestBuyNoCost': 0.95, 'bestSellYesCost': 0.05, 'bestSellNoCost': 0.94, 'lastClosePrice': 0.06, 'displayOrder': 0}, {'id': 24454, 'dateEnd': '2021-03-01T23:59:00', 'image': 'https://az620379.vo.msecnd.net/images/Contracts/small_498fcbac-36bb-479c-ac21-bacb66b6717d.jpg', 'name': 'Jimmy Gomez', 'shortName': 'Gomez', 'status': 'Open', 'lastTradePrice': 0.01, 'bestBuyYesCost': 0.01, 'bestBuyNoCost': None, 'bestSellYesCost': None, 'bestSellNoCost': 0.99, 'lastClosePrice': 0.01, 'displayOrder': 0}, {'id': 24455, 'dateEnd': '2021-03-01T23:59:00', 'image': 'https://az620379.vo.msecnd.net/images/Contracts/small_2e14f1fb-3e03-4bdb-a9d3-efb03afa32e2.jpg', 'name': 'Nelson Cunningham', 'shortName': 'Cunningham', 'status': 'Open', 'lastTradePrice': 0.01, 'bestBuyYesCost': 0.01, 'bestBuyNoCost': None, 'bestSellYesCost': None, 'bestSellNoCost': 0.99, 'lastClosePrice': 0.01, 'displayOrder': 0}, {'id': 24456, 'dateEnd': '2021-03-01T23:59:00', 'image': 'https://az620379.vo.msecnd.net/images/Contracts/small_3d48009b-9ea0-4626-96a3-86b0ebaabb9e.jpg', 'name': 'Thea Mei Lee', 'shortName': 'Lee', 'status': 'Open', 'lastTradePrice': 0.01, 'bestBuyYesCost': 0.01, 'bestBuyNoCost': None, 'bestSellYesCost': None, 'bestSellNoCost': 0.99, 'lastClosePrice': 0.01, 'displayOrder': 0}, {'id': 24457, 'dateEnd': '2021-03-01T23:59:00', 'image': 'https://az620379.vo.msecnd.net/images/Contracts/small_485f4175-faef-4d94-b5b2-57adc2172b25.jpg', 'name': 'Michael Wessel', 'shortName': 'Wessel', 'status': 'Open', 'lastTradePrice': 0.01, 'bestBuyYesCost': 0.01, 'bestBuyNoCost': None, 'bestSellYesCost': None, 'bestSellNoCost': 0.99, 'lastClosePrice': 0.01, 'displayOrder': 0}, {'id': 24458, 'dateEnd': '2021-03-01T23:59:00', 'image': 'https://az620379.vo.msecnd.net/images/Contracts/small_7e4991b4-177e-4c74-8e16-aaeddd611ec6.jpg', 'name': 'Beth Baltzan', 'shortName': 'Baltzan', 'status': 'Open', 'lastTradePrice': 0.01, 'bestBuyYesCost': 0.01, 'bestBuyNoCost': None, 'bestSellYesCost': None, 'bestSellNoCost': 0.99, 'lastClosePrice': 0.01, 'displayOrder': 0}, {'id': 24460, 'dateEnd': '2021-03-01T23:59:00', 'image': 'https://az620379.vo.msecnd.net/images/Contracts/small_ec55b431-9c26-4d8d-807c-1917dc4d612a.jpg', 'name': 'Sherrod Brown', 'shortName': 'Brown', 'status': 'Open', 'lastTradePrice': 0.01, 'bestBuyYesCost': 0.01, 'bestBuyNoCost': None, 'bestSellYesCost': None, 'bestSellNoCost': 0.99, 'lastClosePrice': 0.01, 'displayOrder': 0}, {'id': 24461, 'dateEnd': '2021-03-01T23:59:00', 'image': 'https://az620379.vo.msecnd.net/images/Contracts/small_8e41733e-bdad-404d-9b7c-76dcb67f550b.jpg', 'name': 'Ron Kind', 'shortName': 'Kind', 'status': 'Open', 'lastTradePrice': 0.01, 'bestBuyYesCost': 0.01, 'bestBuyNoCost': None, 'bestSellYesCost': None, 'bestSellNoCost': 0.99, 'lastClosePrice': 0.01, 'displayOrder': 0}, {'id': 24462, 'dateEnd': '2021-03-01T23:59:00', 'image': 'https://az620379.vo.msecnd.net/images/Contracts/small_132ce796-be43-4397-9fe0-67ffadf01a9a.jpg', 'name': 'Cedric Richmond', 'shortName': 'Richmond', 'status': 'Open', 'lastTradePrice': 0.01, 'bestBuyYesCost': 0.01, 'bestBuyNoCost': None, 'bestSellYesCost': None, 'bestSellNoCost': 0.99, 'lastClosePrice': 0.01, 'displayOrder': 0}, {'id': 24473, 'dateEnd': '2021-03-01T23:59:00', 'image': 'https://az620379.vo.msecnd.net/images/Contracts/small_d5221dbf-9ee3-48c4-95dd-f5d74aff6ff2.jpg', 'name': 'Rahm Emanuel', 'shortName': 'Emanuel', 'status': 'Open', 'lastTradePrice': 0.01, 'bestBuyYesCost': 0.01, 'bestBuyNoCost': None, 'bestSellYesCost': None, 'bestSellNoCost': 0.99, 'lastClosePrice': 0.01, 'displayOrder': 0}, {'id': 24474, 'dateEnd': '2021-03-01T23:59:00', 'image': 'https://az620379.vo.msecnd.net/images/Contracts/small_87412471-a5b6-4b74-bcc4-685106982248.jpg', 'name': 'Pete Buttigieg', 'shortName': 'Buttigieg', 'status': 'Open', 'lastTradePrice': 0.01, 'bestBuyYesCost': 0.01, 'bestBuyNoCost': None, 'bestSellYesCost': None, 'bestSellNoCost': 0.99, 'lastClosePrice': 0.01, 'displayOrder': 0}, {'id': 24475, 'dateEnd': '2021-03-01T23:59:00', 'image': 'https://az620379.vo.msecnd.net/images/Contracts/small_2d1a494b-8e84-416e-8554-a1958408fb1c.jpg', 'name': 'Miriam Sapiro', 'shortName': 'Sapiro', 'status': 'Open', 'lastTradePrice': 0.01, 'bestBuyYesCost': 0.01, 'bestBuyNoCost': None, 'bestSellYesCost': None, 'bestSellNoCost': 0.99, 'lastClosePrice': 0.01, 'displayOrder': 0}, {'id': 24476, 'dateEnd': '2021-03-01T23:59:00', 'image': 'https://az620379.vo.msecnd.net/images/Contracts/small_c5c81754-7f26-4337-b53a-f56525a06e2b.jpg', 'name': 'Jennifer Hillman', 'shortName': 'Hillman', 'status': 'Open', 'lastTradePrice': 0.01, 'bestBuyYesCost': 0.01, 'bestBuyNoCost': None, 'bestSellYesCost': None, 'bestSellNoCost': 0.99, 'lastClosePrice': 0.01, 'displayOrder': 0}, {'id': 24477, 'dateEnd': '2021-03-01T23:59:00', 'image': 'https://az620379.vo.msecnd.net/images/Contracts/small_3780d611-10a9-46cd-92e2-3a3cce3c5040.jpg', 'name': 'Todd Tucker', 'shortName': 'Tucker', 'status': 'Open', 'lastTradePrice': 0.01, 'bestBuyYesCost': 0.01, 'bestBuyNoCost': None, 'bestSellYesCost': None, 'bestSellNoCost': 0.99, 'lastClosePrice': 0.01, 'displayOrder': 0}, {'id': 24478, 'dateEnd': '2021-03-01T23:59:00', 'image': 'https://az620379.vo.msecnd.net/images/Contracts/small_a2754388-bb82-44c6-96a9-8376adf8349f.jpg', 'name': 'Cathy Feingold', 'shortName': 'Feingold', 'status': 'Open', 'lastTradePrice': 0.01, 'bestBuyYesCost': 0.01, 'bestBuyNoCost': None, 'bestSellYesCost': None, 'bestSellNoCost': 0.99, 'lastClosePrice': 0.01, 'displayOrder': 0}, {'id': 24479, 'dateEnd': '2021-03-01T23:59:00', 'image': 'https://az620379.vo.msecnd.net/images/Contracts/small_89ef6393-838c-411f-8919-ce2c391e8bb6.jpg', 'name': 'Tom Perriello', 'shortName': 'Perriello', 'status': 'Open', 'lastTradePrice': 0.01, 'bestBuyYesCost': 0.01, 'bestBuyNoCost': None, 'bestSellYesCost': None, 'bestSellNoCost': 0.99, 'lastClosePrice': 0.01, 'displayOrder': 0}, {'id': 24607, 'dateEnd': '2021-03-01T23:59:00', 'image': 'https://az620379.vo.msecnd.net/images/Contracts/small_263e4f9f-4451-4296-acb7-5a9bfaffcfd7.jpg', 'name': 'Dan Newhouse', 'shortName': 'Newhouse', 'status': 'Open', 'lastTradePrice': 0.01, 'bestBuyYesCost': 0.01, 'bestBuyNoCost': None, 'bestSellYesCost': None, 'bestSellNoCost': 0.99, 'lastClosePrice': 0.01, 'displayOrder': 0}], 'timeStamp': '2021-01-17T10:27:54.1895544', 'status': 'Open'}"
"{'id': 6994, 'name': 'Will Donald Trump file to run for president before the end of 2021?', 'shortName': 'Trump files for President before 2022?', 'image': 'https://az620379.vo.msecnd.net/images/Markets/3c10062b-0942-4fc3-9ace-bb6abdb790ff.jpg', 'url': 'https://www.predictit.org/markets/detail/6994/Will-Donald-Trump-file-to-run-for-president-before-the-end-of-2021', 'contracts': [{'id': 24464, 'dateEnd': '2021-12-31T23:59:00', 'image': 'https://az620379.vo.msecnd.net/images/Contracts/small_3c10062b-0942-4fc3-9ace-bb6abdb790ff.jpg', 'name': 'Will Donald Trump file to run for president before the end of 2021?', 'shortName': 'Trump files for President before 2022?', 'status': 'Open', 'lastTradePrice': 0.31, 'bestBuyYesCost': 0.32, 'bestBuyNoCost': 0.69, 'bestSellYesCost': 0.31, 'bestSellNoCost': 0.68, 'lastClosePrice': 0.32, 'displayOrder': 0}], 'timeStamp': '2021-01-17T10:27:54.1895544', 'status': 'Open'}"
"{'id': 7000, 'name': 'Which party will win the 2021 New Jersey gubernatorial election?', 'shortName': ""Which party will win NJ governor's race?"", 'image': 'https://az620379.vo.msecnd.net/images/Markets/4a5f9f6b-9c1c-4167-bc05-3feaf7883392.jpg', 'url': 'https://www.predictit.org/markets/detail/7000/Which-party-will-win-the-2021-New-Jersey-gubernatorial-election', 'contracts': [{'id': 24516, 'dateEnd': 'NA', 'image': 'https://az620379.vo.msecnd.net/images/Contracts/small_d50cf59e-887c-4698-b76f-c232b24651c0.png', 'name': 'Democratic', 'shortName': 'Democratic', 'status': 'Open', 'lastTradePrice': 0.89, 'bestBuyYesCost': 0.9, 'bestBuyNoCost': 0.11, 'bestSellYesCost': 0.89, 'bestSellNoCost': 0.1, 'lastClosePrice': 0.89, 'displayOrder': 0}, {'id': 24515, 'dateEnd': 'NA', 'image': 'https://az620379.vo.msecnd.net/images/Contracts/small_8d012e78-5099-4e10-93e5-8511fd7768aa.png', 'name': 'Republican', 'shortName': 'Republican', 'status': 'Open', 'lastTradePrice': 0.11, 'bestBuyYesCost': 0.12, 'bestBuyNoCost': 0.89, 'bestSellYesCost': 0.11, 'bestSellNoCost': 0.88, 'lastClosePrice': 0.11, 'displayOrder': 0}], 'timeStamp': '2021-01-17T10:27:54.1895544', 'status': 'Open'}"
"{'id': 7001, 'name': 'Which party will win the 2021 Virginia gubernatorial election?', 'shortName': ""Which party will win VA governor's race?"", 'image': 'https://az620379.vo.msecnd.net/images/Markets/ca454a69-e4eb-4e25-9d68-aa8a9902e571.jpg', 'url': 'https://www.predictit.org/markets/detail/7001/Which-party-will-win-the-2021-Virginia-gubernatorial-election', 'contracts': [{'id': 24518, 'dateEnd': 'NA', 'image': 'https://az620379.vo.msecnd.net/images/Contracts/small_d50cf59e-887c-4698-b76f-c232b24651c0.png', 'name': 'Democratic', 'shortName': 'Democratic', 'status': 'Open', 'lastTradePrice': 0.88, 'bestBuyYesCost': 0.89, 'bestBuyNoCost': 0.12, 'bestSellYesCost': 0.88, 'bestSellNoCost': 0.11, 'lastClosePrice': 0.89, 'displayOrder': 0}, {'id': 24517, 'dateEnd': 'NA', 'image': 'https://az620379.vo.msecnd.net/images/Contracts/small_8d012e78-5099-4e10-93e5-8511fd7768aa.png', 'name': 'Republican', 'shortName': 'Republican', 'status': 'Open', 'lastTradePrice': 0.13, 'bestBuyYesCost': 0.13, 'bestBuyNoCost': 0.88, 'bestSellYesCost': 0.12, 'bestSellNoCost': 0.87, 'lastClosePrice': 0.13, 'displayOrder': 0}], 'timeStamp': '2021-01-17T10:27:54.1895544', 'status': 'Open'}"
"{'id': 7002, 'name': 'Who will be elected New York City mayor in 2021?', 'shortName': 'New York City mayoral election winner?', 'image': 'https://az620379.vo.msecnd.net/images/Markets/05e21e30-1781-4dc5-9e0e-d6179dc0042f.jpg', 'url': 'https://www.predictit.org/markets/detail/7002/Who-will-be-elected-New-York-City-mayor-in-2021', 'contracts': [{'id': 24519, 'dateEnd': 'NA', 'image': 'https://az620379.vo.msecnd.net/images/Contracts/small_bb363d73-5c1f-4178-8702-7a5a0e26d19e.jpg', 'name': 'Andrew Yang', 'shortName': 'Yang', 'status': 'Open', 'lastTradePrice': 0.32, 'bestBuyYesCost': 0.33, 'bestBuyNoCost': 0.68, 'bestSellYesCost': 0.32, 'bestSellNoCost': 0.67, 'lastClosePrice': 0.34, 'displayOrder': 0}, {'id': 24524, 'dateEnd': 'NA', 'image': 'https://az620379.vo.msecnd.net/images/Contracts/small_f718df2d-06cf-419f-8251-a19b33904e08.jpg', 'name': 'Scott Stringer', 'shortName': 'Stringer', 'status': 'Open', 'lastTradePrice': 0.2, 'bestBuyYesCost': 0.21, 'bestBuyNoCost': 0.8, 'bestSellYesCost': 0.2, 'bestSellNoCost': 0.79, 'lastClosePrice': 0.2, 'displayOrder': 0}, {'id': 24520, 'dateEnd': 'NA', 'image': 'https://az620379.vo.msecnd.net/images/Contracts/small_ec5448d9-bee7-4fc3-b520-5a947fb180f3.jpg', 'name': 'Eric Adams', 'shortName': 'Adams', 'status': 'Open', 'lastTradePrice': 0.18, 'bestBuyYesCost': 0.19, 'bestBuyNoCost': 0.82, 'bestSellYesCost': 0.18, 'bestSellNoCost': 0.81, 'lastClosePrice': 0.18, 'displayOrder': 0}, {'id': 24522, 'dateEnd': 'NA', 'image': 'https://az620379.vo.msecnd.net/images/Contracts/small_582ae7ff-3d54-47a8-9459-7dc0309773d6.jpg', 'name': 'Raymond McGuire', 'shortName': 'McGuire', 'status': 'Open', 'lastTradePrice': 0.14, 'bestBuyYesCost': 0.15, 'bestBuyNoCost': 0.86, 'bestSellYesCost': 0.14, 'bestSellNoCost': 0.85, 'lastClosePrice': 0.15, 'displayOrder': 0}, {'id': 24526, 'dateEnd': 'NA', 'image': 'https://az620379.vo.msecnd.net/images/Contracts/small_b098e4e1-5157-444d-87c4-61e509375747.jpg', 'name': 'Maya Wiley', 'shortName': 'Wiley', 'status': 'Open', 'lastTradePrice': 0.08, 'bestBuyYesCost': 0.09, 'bestBuyNoCost': 0.92, 'bestSellYesCost': 0.08, 'bestSellNoCost': 0.91, 'lastClosePrice': 0.09, 'displayOrder': 0}, {'id': 24533, 'dateEnd': 'NA', 'image': 'https://az620379.vo.msecnd.net/images/Contracts/small_b07d54f6-6ef5-48b5-9c13-8e26666ed277.jpg', 'name': 'Kathryn Garcia', 'shortName': 'Garcia', 'status': 'Open', 'lastTradePrice': 0.03, 'bestBuyYesCost': 0.03, 'bestBuyNoCost': 0.98, 'bestSellYesCost': 0.02, 'bestSellNoCost': 0.97, 'lastClosePrice': 0.03, 'displayOrder': 0}, {'id': 24521, 'dateEnd': 'NA', 'image': 'https://az620379.vo.msecnd.net/images/Contracts/small_3c9e0ba3-6658-4d8e-b52f-44a4b59221ba.jpg', 'name': 'Shaun Donovan', 'shortName': 'Donovan', 'status': 'Open', 'lastTradePrice': 0.02, 'bestBuyYesCost': 0.03, 'bestBuyNoCost': 0.98, 'bestSellYesCost': 0.02, 'bestSellNoCost': 0.97, 'lastClosePrice': 0.02, 'displayOrder': 0}, {'id': 24523, 'dateEnd': 'NA', 'image': 'https://az620379.vo.msecnd.net/images/Contracts/small_0e192abc-4103-41d2-ab9f-ca4afe591119.jpg', 'name': 'Carlos Menchaca', 'shortName': 'Menchaca', 'status': 'Open', 'lastTradePrice': 0.01, 'bestBuyYesCost': 0.02, 'bestBuyNoCost': 0.99, 'bestSellYesCost': 0.01, 'bestSellNoCost': 0.98, 'lastClosePrice': 0.01, 'displayOrder': 0}, {'id': 24525, 'dateEnd': 'NA', 'image': 'https://az620379.vo.msecnd.net/images/Contracts/small_4f4edadc-b1f1-47e6-bb52-b188d4a70ad6.jpg', 'name': 'Loree Sutton', 'shortName': 'Sutton', 'status': 'Open', 'lastTradePrice': 0.01, 'bestBuyYesCost': 0.01, 'bestBuyNoCost': None, 'bestSellYesCost': None, 'bestSellNoCost': 0.99, 'lastClosePrice': 0.01, 'displayOrder': 0}, {'id': 24532, 'dateEnd': 'NA', 'image': 'https://az620379.vo.msecnd.net/images/Contracts/small_6f8c03d7-0f38-4a85-babb-acfb4276b620.jpg', 'name': 'Dianne Morales', 'shortName': 'Morales', 'status': 'Open', 'lastTradePrice': 0.01, 'bestBuyYesCost': 0.02, 'bestBuyNoCost': 0.99, 'bestSellYesCost': 0.01, 'bestSellNoCost': 0.98, 'lastClosePrice': 0.02, 'displayOrder': 0}, {'id': 24545, 'dateEnd': 'NA', 'image': 'https://az620379.vo.msecnd.net/images/Contracts/small_9f26d96d-b151-4b3f-851e-33c9a2ea212f.jpg', 'name': 'Curtis Sliwa', 'shortName': 'Sliwa', 'status': 'Open', 'lastTradePrice': 0.01, 'bestBuyYesCost': 0.02, 'bestBuyNoCost': 0.99, 'bestSellYesCost': 0.01, 'bestSellNoCost': 0.98, 'lastClosePrice': 0.02, 'displayOrder': 0}, {'id': 24626, 'dateEnd': 'NA', 'image': 'https://az620379.vo.msecnd.net/images/Contracts/small_44ed300a-d650-4205-b219-c39bf84f7b03.jpg', 'name': 'Max Rose', 'shortName': 'Rose', 'status': 'Open', 'lastTradePrice': 0.01, 'bestBuyYesCost': 0.01, 'bestBuyNoCost': None, 'bestSellYesCost': None, 'bestSellNoCost': 0.99, 'lastClosePrice': 0.01, 'displayOrder': 0}, {'id': 24727, 'dateEnd': 'NA', 'image': 'https://az620379.vo.msecnd.net/images/Contracts/small_95917503-a8cd-4302-b038-2701462a84d6.jpg', 'name': 'Zach Iscol', 'shortName': 'Iscol', 'status': 'Open', 'lastTradePrice': 0.01, 'bestBuyYesCost': 0.02, 'bestBuyNoCost': 0.99, 'bestSellYesCost': 0.01, 'bestSellNoCost': 0.98, 'lastClosePrice': 0.02, 'displayOrder': 0}], 'timeStamp': '2021-01-17T10:27:54.1895544', 'status': 'Open'}"
"{'id': 7003, 'name': 'Will Andrew Yang run  in the 2021 NYC Democratic Mayoral primary?', 'shortName': ""Yang runs in '21 NY Dem Mayoral primary?"", 'image': 'https://az620379.vo.msecnd.net/images/Markets/14b8ae81-61eb-45bd-8260-938dff9c0851.jpg', 'url': 'https://www.predictit.org/markets/detail/7003/Will-Andrew-Yang-run-in-the-2021-NYC-Democratic-Mayoral-primary', 'contracts': [{'id': 24527, 'dateEnd': 'NA', 'image': 'https://az620379.vo.msecnd.net/images/Contracts/small_14b8ae81-61eb-45bd-8260-938dff9c0851.jpg', 'name': 'Will Andrew Yang run  in the 2021 NYC Democratic Mayoral primary?', 'shortName': ""Yang runs in '21 NY Dem Mayoral primary?"", 'status': 'Open', 'lastTradePrice': 0.97, 'bestBuyYesCost': 0.97, 'bestBuyNoCost': 0.04, 'bestSellYesCost': 0.96, 'bestSellNoCost': 0.03, 'lastClosePrice': 0.96, 'displayOrder': 0}], 'timeStamp': '2021-01-17T10:27:54.1895544', 'status': 'Open'}"
"{'id': 7007, 'name': 'Will Israel hold national elections for Knesset in 2021?', 'shortName': 'Israeli elections in 2021?', 'image': 'https://az620379.vo.msecnd.net/images/Markets/b76d954b-acba-45ac-a36a-f7e7baceaf6f.jpg', 'url': 'https://www.predictit.org/markets/detail/7007/Will-Israel-hold-national-elections-for-Knesset-in-2021', 'contracts': [{'id': 24544, 'dateEnd': '2021-12-31T16:59:00', 'image': 'https://az620379.vo.msecnd.net/images/Contracts/b76d954b-acba-45ac-a36a-f7e7baceaf6f.jpg', 'name': 'Will Israel hold national elections for Knesset in 2021?', 'shortName': 'Israeli elections in 2021?', 'status': 'Open', 'lastTradePrice': 0.99, 'bestBuyYesCost': 0.99, 'bestBuyNoCost': 0.02, 'bestSellYesCost': 0.98, 'bestSellNoCost': 0.01, 'lastClosePrice': 0.98, 'displayOrder': 0}], 'timeStamp': '2021-01-17T10:27:54.1895544', 'status': 'Open'}"
"{'id': 7008, 'name': 'Which Georgia Senate candidate will win the most runoff votes?', 'shortName': 'Most votes in Georgia Senate runoffs?', 'image': 'https://az620379.vo.msecnd.net/images/Markets/43990ddd-c326-4e47-a0a9-e1d335515919.jpg', 'url': 'https://www.predictit.org/markets/detail/7008/Which-Georgia-Senate-candidate-will-win-the-most-runoff-votes', 'contracts': [{'id': 24549, 'dateEnd': 'NA', 'image': 'https://az620379.vo.msecnd.net/images/Contracts/small_04db95ab-2e1e-49af-8078-f990d0234487.jpg', 'name': 'Raphael Warnock', 'shortName': 'Warnock', 'status': 'Open', 'lastTradePrice': 0.99, 'bestBuyYesCost': 0.99, 'bestBuyNoCost': 0.02, 'bestSellYesCost': 0.98, 'bestSellNoCost': 0.01, 'lastClosePrice': 0.99, 'displayOrder': 0}, {'id': 24546, 'dateEnd': 'NA', 'image': 'https://az620379.vo.msecnd.net/images/Contracts/small_990056d8-b01b-491b-afd2-178d094bd214.jpg', 'name': 'Kelly Loeffler', 'shortName': 'Loeffler', 'status': 'Open', 'lastTradePrice': 0.01, 'bestBuyYesCost': 0.01, 'bestBuyNoCost': None, 'bestSellYesCost': None, 'bestSellNoCost': 0.99, 'lastClosePrice': 0.01, 'displayOrder': 0}, {'id': 24547, 'dateEnd': 'NA', 'image': 'https://az620379.vo.msecnd.net/images/Contracts/small_29f414fc-4939-4565-a323-7e68cd8c922c.jpg', 'name': 'David Perdue', 'shortName': 'Perdue', 'status': 'Open', 'lastTradePrice': 0.01, 'bestBuyYesCost': 0.02, 'bestBuyNoCost': 0.99, 'bestSellYesCost': 0.01, 'bestSellNoCost': 0.98, 'lastClosePrice': 0.01, 'displayOrder': 0}, {'id': 24548, 'dateEnd': 'NA', 'image': 'https://az620379.vo.msecnd.net/images/Contracts/small_ac23250a-601e-4ab3-86f2-185cc3d89ffb.jpg', 'name': 'Jon Ossoff', 'shortName': 'Ossoff', 'status': 'Open', 'lastTradePrice': 0.01, 'bestBuyYesCost': 0.01, 'bestBuyNoCost': None, 'bestSellYesCost': None, 'bestSellNoCost': 0.99, 'lastClosePrice': 0.01, 'displayOrder': 0}], 'timeStamp': '2021-01-17T10:27:54.1895544', 'status': 'Open'}"
"{'id': 7009, 'name': 'Which Georgia Senate candidate will win the fewest runoff votes?', 'shortName': 'Fewest votes in Georgia Senate runoffs?', 'image': 'https://az620379.vo.msecnd.net/images/Markets/0fc44331-394a-4e6a-a07a-a467d361aeeb.jpg', 'url': 'https://www.predictit.org/markets/detail/7009/Which-Georgia-Senate-candidate-will-win-the-fewest-runoff-votes', 'contracts': [{'id': 24550, 'dateEnd': 'NA', 'image': 'https://az620379.vo.msecnd.net/images/Contracts/small_990056d8-b01b-491b-afd2-178d094bd214.jpg', 'name': 'Kelly Loeffler', 'shortName': 'Loeffler', 'status': 'Open', 'lastTradePrice': 0.99, 'bestBuyYesCost': 0.99, 'bestBuyNoCost': 0.02, 'bestSellYesCost': 0.98, 'bestSellNoCost': 0.01, 'lastClosePrice': 0.99, 'displayOrder': 0}, {'id': 24551, 'dateEnd': 'NA', 'image': 'https://az620379.vo.msecnd.net/images/Contracts/small_29f414fc-4939-4565-a323-7e68cd8c922c.jpg', 'name': 'David Perdue', 'shortName': 'Perdue', 'status': 'Open', 'lastTradePrice': 0.01, 'bestBuyYesCost': 0.01, 'bestBuyNoCost': None, 'bestSellYesCost': None, 'bestSellNoCost': 0.99, 'lastClosePrice': 0.01, 'displayOrder': 0}, {'id': 24552, 'dateEnd': 'NA', 'image': 'https://az620379.vo.msecnd.net/images/Contracts/small_ac23250a-601e-4ab3-86f2-185cc3d89ffb.jpg', 'name': 'Jon Ossoff', 'shortName': 'Ossoff', 'status': 'Open', 'lastTradePrice': 0.01, 'bestBuyYesCost': 0.01, 'bestBuyNoCost': None, 'bestSellYesCost': None, 'bestSellNoCost': 0.99, 'lastClosePrice': 0.01, 'displayOrder': 0}, {'id': 24553, 'dateEnd': 'NA', 'image': 'https://az620379.vo.msecnd.net/images/Contracts/small_04db95ab-2e1e-49af-8078-f990d0234487.jpg', 'name': 'Raphael Warnock', 'shortName': 'Warnock', 'status': 'Open', 'lastTradePrice': 0.01, 'bestBuyYesCost': 0.01, 'bestBuyNoCost': None, 'bestSellYesCost': None, 'bestSellNoCost': 0.99, 'lastClosePrice': 0.01, 'displayOrder': 0}], 'timeStamp': '2021-01-17T10:27:54.1895544', 'status': 'Open'}"
"{'id': 7011, 'name': 'How many votes in the Georgia regular Senate runoff election?', 'shortName': 'Votes in Georgia regular Senate runoff?', 'image': 'https://az620379.vo.msecnd.net/images/Markets/0f4e9b9d-2153-49dc-a2d5-0aa88e6c8b0c.jpg', 'url': 'https://www.predictit.org/markets/detail/7011/How-many-votes-in-the-Georgia-regular-Senate-runoff-election', 'contracts': [{'id': 24565, 'dateEnd': 'NA', 'image': 'https://az620379.vo.msecnd.net/images/Contracts/small_0f4e9b9d-2153-49dc-a2d5-0aa88e6c8b0c.jpg', 'name': 'Fewer than 3 million', 'shortName': 'Fewer than 3 M', 'status': 'Open', 'lastTradePrice': 0.01, 'bestBuyYesCost': 0.01, 'bestBuyNoCost': None, 'bestSellYesCost': None, 'bestSellNoCost': 0.99, 'lastClosePrice': 0.01, 'displayOrder': 0}, {'id': 24568, 'dateEnd': 'NA', 'image': 'https://az620379.vo.msecnd.net/images/Contracts/small_0f4e9b9d-2153-49dc-a2d5-0aa88e6c8b0c.jpg', 'name': '3.0 M to 3.2 M', 'shortName': '3.0 M to 3.2 M', 'status': 'Open', 'lastTradePrice': 0.01, 'bestBuyYesCost': 0.01, 'bestBuyNoCost': None, 'bestSellYesCost': None, 'bestSellNoCost': 0.99, 'lastClosePrice': 0.01, 'displayOrder': 1}, {'id': 24572, 'dateEnd': 'NA', 'image': 'https://az620379.vo.msecnd.net/images/Contracts/small_0f4e9b9d-2153-49dc-a2d5-0aa88e6c8b0c.jpg', 'name': '3.2 M to 3.4 M', 'shortName': '3.2 M to 3.4 M', 'status': 'Open', 'lastTradePrice': 0.01, 'bestBuyYesCost': 0.01, 'bestBuyNoCost': None, 'bestSellYesCost': None, 'bestSellNoCost': 0.99, 'lastClosePrice': 0.01, 'displayOrder': 2}, {'id': 24569, 'dateEnd': 'NA', 'image': 'https://az620379.vo.msecnd.net/images/Contracts/small_0f4e9b9d-2153-49dc-a2d5-0aa88e6c8b0c.jpg', 'name': '3.4 M to 3.6 M', 'shortName': '3.4 M to 3.6 M', 'status': 'Open', 'lastTradePrice': 0.01, 'bestBuyYesCost': 0.01, 'bestBuyNoCost': None, 'bestSellYesCost': None, 'bestSellNoCost': 0.99, 'lastClosePrice': 0.01, 'displayOrder': 3}, {'id': 24566, 'dateEnd': 'NA', 'image': 'https://az620379.vo.msecnd.net/images/Contracts/small_0f4e9b9d-2153-49dc-a2d5-0aa88e6c8b0c.jpg', 'name': '3.6 M to 3.8 M', 'shortName': '3.6 M to 3.8 M', 'status': 'Open', 'lastTradePrice': 0.01, 'bestBuyYesCost': 0.01, 'bestBuyNoCost': None, 'bestSellYesCost': None, 'bestSellNoCost': 0.99, 'lastClosePrice': 0.01, 'displayOrder': 4}, {'id': 24567, 'dateEnd': 'NA', 'image': 'https://az620379.vo.msecnd.net/images/Contracts/small_0f4e9b9d-2153-49dc-a2d5-0aa88e6c8b0c.jpg', 'name': '3.8 M to 4.0 M', 'shortName': '3.8 M to 4.0 M', 'status': 'Open', 'lastTradePrice': 0.01, 'bestBuyYesCost': 0.01, 'bestBuyNoCost': None, 'bestSellYesCost': None, 'bestSellNoCost': 0.99, 'lastClosePrice': 0.01, 'displayOrder': 5}, {'id': 24571, 'dateEnd': 'NA', 'image': 'https://az620379.vo.msecnd.net/images/Contracts/small_0f4e9b9d-2153-49dc-a2d5-0aa88e6c8b0c.jpg', 'name': '4.0 M to 4.2 M', 'shortName': '4.0 M to 4.2 M', 'status': 'Open', 'lastTradePrice': 0.01, 'bestBuyYesCost': 0.01, 'bestBuyNoCost': None, 'bestSellYesCost': None, 'bestSellNoCost': 0.99, 'lastClosePrice': 0.01, 'displayOrder': 6}, {'id': 24573, 'dateEnd': 'NA', 'image': 'https://az620379.vo.msecnd.net/images/Contracts/small_0f4e9b9d-2153-49dc-a2d5-0aa88e6c8b0c.jpg', 'name': '4.2 M to 4.4 M', 'shortName': '4.2 M to 4.4 M', 'status': 'Open', 'lastTradePrice': 0.01, 'bestBuyYesCost': 0.01, 'bestBuyNoCost': None, 'bestSellYesCost': None, 'bestSellNoCost': 0.99, 'lastClosePrice': 0.01, 'displayOrder': 7}, {'id': 24574, 'dateEnd': 'NA', 'image': 'https://az620379.vo.msecnd.net/images/Contracts/small_0f4e9b9d-2153-49dc-a2d5-0aa88e6c8b0c.jpg', 'name': '4.4 M to 4.6 M', 'shortName': '4.4 M to 4.6 M', 'status': 'Open', 'lastTradePrice': 0.99, 'bestBuyYesCost': 0.99, 'bestBuyNoCost': 0.02, 'bestSellYesCost': 0.98, 'bestSellNoCost': 0.01, 'lastClosePrice': 0.99, 'displayOrder': 8}, {'id': 24575, 'dateEnd': 'NA', 'image': 'https://az620379.vo.msecnd.net/images/Contracts/small_0f4e9b9d-2153-49dc-a2d5-0aa88e6c8b0c.jpg', 'name': '4.6 M to 4.8 M', 'shortName': '4.6 M to 4.8 M', 'status': 'Open', 'lastTradePrice': 0.01, 'bestBuyYesCost': 0.01, 'bestBuyNoCost': None, 'bestSellYesCost': None, 'bestSellNoCost': 0.99, 'lastClosePrice': 0.01, 'displayOrder': 9}, {'id': 24576, 'dateEnd': 'NA', 'image': 'https://az620379.vo.msecnd.net/images/Contracts/small_0f4e9b9d-2153-49dc-a2d5-0aa88e6c8b0c.jpg', 'name': '4.8 M to 5.0 M', 'shortName': '4.8 M to 5.0 M', 'status': 'Open', 'lastTradePrice': 0.01, 'bestBuyYesCost': 0.01, 'bestBuyNoCost': None, 'bestSellYesCost': None, 'bestSellNoCost': 0.99, 'lastClosePrice': 0.01, 'displayOrder': 10}, {'id': 24570, 'dateEnd': 'NA', 'image': 'https://az620379.vo.msecnd.net/images/Contracts/small_0f4e9b9d-2153-49dc-a2d5-0aa88e6c8b0c.jpg', 'name': '5 million or more', 'shortName': '5 M or more', 'status': 'Open', 'lastTradePrice': 0.01, 'bestBuyYesCost': 0.01, 'bestBuyNoCost': None, 'bestSellYesCost': None, 'bestSellNoCost': 0.99, 'lastClosePrice': 0.01, 'displayOrder': 11}], 'timeStamp': '2021-01-17T10:27:54.1895544', 'status': 'Open'}"
"{'id': 7012, 'name': 'How many votes in the Georgia special Senate runoff election?', 'shortName': 'Votes in Georgia special Senate runoff?', 'image': 'https://az620379.vo.msecnd.net/images/Markets/9f2ccb8e-69c8-4bb1-b50a-897e97c6e49a.jpg', 'url': 'https://www.predictit.org/markets/detail/7012/How-many-votes-in-the-Georgia-special-Senate-runoff-election', 'contracts': [{'id': 24577, 'dateEnd': 'NA', 'image': 'https://az620379.vo.msecnd.net/images/Contracts/small_9f2ccb8e-69c8-4bb1-b50a-897e97c6e49a.jpg', 'name': 'Fewer than 3 million', 'shortName': 'Fewer than 3 M', 'status': 'Open', 'lastTradePrice': 0.01, 'bestBuyYesCost': 0.01, 'bestBuyNoCost': None, 'bestSellYesCost': None, 'bestSellNoCost': 0.99, 'lastClosePrice': 0.01, 'displayOrder': 0}, {'id': 24580, 'dateEnd': 'NA', 'image': 'https://az620379.vo.msecnd.net/images/Contracts/small_9f2ccb8e-69c8-4bb1-b50a-897e97c6e49a.jpg', 'name': '3.0 M to 3.2 M', 'shortName': '3.0 M to 3.2 M', 'status': 'Open', 'lastTradePrice': 0.01, 'bestBuyYesCost': 0.01, 'bestBuyNoCost': None, 'bestSellYesCost': None, 'bestSellNoCost': 0.99, 'lastClosePrice': 0.01, 'displayOrder': 1}, {'id': 24584, 'dateEnd': 'NA', 'image': 'https://az620379.vo.msecnd.net/images/Contracts/small_9f2ccb8e-69c8-4bb1-b50a-897e97c6e49a.jpg', 'name': '3.2 M to 3.4 M', 'shortName': '3.2 M to 3.4 M', 'status': 'Open', 'lastTradePrice': 0.01, 'bestBuyYesCost': 0.01, 'bestBuyNoCost': None, 'bestSellYesCost': None, 'bestSellNoCost': 0.99, 'lastClosePrice': 0.01, 'displayOrder': 2}, {'id': 24581, 'dateEnd': 'NA', 'image': 'https://az620379.vo.msecnd.net/images/Contracts/small_9f2ccb8e-69c8-4bb1-b50a-897e97c6e49a.jpg', 'name': '3.4 M to 3.6 M', 'shortName': '3.4 M to 3.6 M', 'status': 'Open', 'lastTradePrice': 0.01, 'bestBuyYesCost': 0.01, 'bestBuyNoCost': None, 'bestSellYesCost': None, 'bestSellNoCost': 0.99, 'lastClosePrice': 0.01, 'displayOrder': 3}, {'id': 24578, 'dateEnd': 'NA', 'image': 'https://az620379.vo.msecnd.net/images/Contracts/small_9f2ccb8e-69c8-4bb1-b50a-897e97c6e49a.jpg', 'name': '3.6 M to 3.8 M', 'shortName': '3.6 M to 3.8 M', 'status': 'Open', 'lastTradePrice': 0.01, 'bestBuyYesCost': 0.01, 'bestBuyNoCost': None, 'bestSellYesCost': None, 'bestSellNoCost': 0.99, 'lastClosePrice': 0.01, 'displayOrder': 4}, {'id': 24579, 'dateEnd': 'NA', 'image': 'https://az620379.vo.msecnd.net/images/Contracts/small_9f2ccb8e-69c8-4bb1-b50a-897e97c6e49a.jpg', 'name': '3.8 M to 4.0 M', 'shortName': '3.8 M to 4.0 M', 'status': 'Open', 'lastTradePrice': 0.01, 'bestBuyYesCost': 0.01, 'bestBuyNoCost': None, 'bestSellYesCost': None, 'bestSellNoCost': 0.99, 'lastClosePrice': 0.01, 'displayOrder': 5}, {'id': 24583, 'dateEnd': 'NA', 'image': 'https://az620379.vo.msecnd.net/images/Contracts/small_9f2ccb8e-69c8-4bb1-b50a-897e97c6e49a.jpg', 'name': '4.0 M to 4.2 M', 'shortName': '4.0 M to 4.2 M', 'status': 'Open', 'lastTradePrice': 0.01, 'bestBuyYesCost': 0.01, 'bestBuyNoCost': None, 'bestSellYesCost': None, 'bestSellNoCost': 0.99, 'lastClosePrice': 0.01, 'displayOrder': 6}, {'id': 24585, 'dateEnd': 'NA', 'image': 'https://az620379.vo.msecnd.net/images/Contracts/small_9f2ccb8e-69c8-4bb1-b50a-897e97c6e49a.jpg', 'name': '4.2 M to 4.4 M', 'shortName': '4.2 M to 4.4 M', 'status': 'Open', 'lastTradePrice': 0.01, 'bestBuyYesCost': 0.01, 'bestBuyNoCost': None, 'bestSellYesCost': None, 'bestSellNoCost': 0.99, 'lastClosePrice': 0.01, 'displayOrder': 7}, {'id': 24586, 'dateEnd': 'NA', 'image': 'https://az620379.vo.msecnd.net/images/Contracts/small_9f2ccb8e-69c8-4bb1-b50a-897e97c6e49a.jpg', 'name': '4.4 M to 4.6 M', 'shortName': '4.4 M to 4.6 M', 'status': 'Open', 'lastTradePrice': 0.98, 'bestBuyYesCost': 0.99, 'bestBuyNoCost': 0.02, 'bestSellYesCost': 0.98, 'bestSellNoCost': 0.01, 'lastClosePrice': 0.98, 'displayOrder': 8}, {'id': 24587, 'dateEnd': 'NA', 'image': 'https://az620379.vo.msecnd.net/images/Contracts/small_9f2ccb8e-69c8-4bb1-b50a-897e97c6e49a.jpg', 'name': '4.6 M to 4.8 M', 'shortName': '4.6 M to 4.8 M', 'status': 'Open', 'lastTradePrice': 0.01, 'bestBuyYesCost': 0.01, 'bestBuyNoCost': None, 'bestSellYesCost': None, 'bestSellNoCost': 0.99, 'lastClosePrice': 0.01, 'displayOrder': 9}, {'id': 24588, 'dateEnd': 'NA', 'image': 'https://az620379.vo.msecnd.net/images/Contracts/small_9f2ccb8e-69c8-4bb1-b50a-897e97c6e49a.jpg', 'name': '4.8 M to 5.0 M', 'shortName': '4.8 M to 5.0 M', 'status': 'Open', 'lastTradePrice': 0.01, 'bestBuyYesCost': 0.01, 'bestBuyNoCost': None, 'bestSellYesCost': None, 'bestSellNoCost': 0.99, 'lastClosePrice': 0.01, 'displayOrder': 10}, {'id': 24582, 'dateEnd': 'NA', 'image': 'https://az620379.vo.msecnd.net/images/Contracts/small_9f2ccb8e-69c8-4bb1-b50a-897e97c6e49a.jpg', 'name': '5 million or more', 'shortName': '5 M or more', 'status': 'Open', 'lastTradePrice': 0.01, 'bestBuyYesCost': 0.01, 'bestBuyNoCost': None, 'bestSellYesCost': None, 'bestSellNoCost': 0.99, 'lastClosePrice': 0.01, 'displayOrder': 11}], 'timeStamp': '2021-01-17T10:27:54.1895544', 'status': 'Open'}"
"{'id': 7013, 'name': 'Will a woman be elected U.S. president in 2024?', 'shortName': 'Woman president in 2024?', 'image': 'https://az620379.vo.msecnd.net/images/Markets/5ea99b02-9413-4222-aaec-823a2a2de73a.jpg', 'url': 'https://www.predictit.org/markets/detail/7013/Will-a-woman-be-elected-US-president-in-2024', 'contracts': [{'id': 24594, 'dateEnd': 'NA', 'image': 'https://az620379.vo.msecnd.net/images/Contracts/small_5ea99b02-9413-4222-aaec-823a2a2de73a.jpg', 'name': 'Will a woman be elected U.S. president in 2024?', 'shortName': 'Woman president in 2024?', 'status': 'Open', 'lastTradePrice': 0.42, 'bestBuyYesCost': 0.43, 'bestBuyNoCost': 0.58, 'bestSellYesCost': 0.42, 'bestSellNoCost': 0.57, 'lastClosePrice': 0.43, 'displayOrder': 0}], 'timeStamp': '2021-01-17T10:27:54.1895544', 'status': 'Open'}"
"{'id': 7014, 'name': 'Will Alexandria Ocasio-Cortez file to run for president before the end of 2023?', 'shortName': 'AOC files for President before 2024?', 'image': 'https://az620379.vo.msecnd.net/images/Markets/b33b636e-de9d-4069-9d3c-7ccb352ee335.jpg', 'url': 'https://www.predictit.org/markets/detail/7014/Will-Alexandria-Ocasio-Cortez-file-to-run-for-president-before-the-end-of-2023', 'contracts': [{'id': 24595, 'dateEnd': '2023-12-31T23:59:00', 'image': 'https://az620379.vo.msecnd.net/images/Contracts/small_b33b636e-de9d-4069-9d3c-7ccb352ee335.jpg', 'name': 'Will Alexandria Ocasio-Cortez file to run for president before the end of 2023?', 'shortName': 'AOC files for President before 2024?', 'status': 'Open', 'lastTradePrice': 0.19, 'bestBuyYesCost': 0.21, 'bestBuyNoCost': 0.81, 'bestSellYesCost': 0.19, 'bestSellNoCost': 0.79, 'lastClosePrice': 0.19, 'displayOrder': 0}], 'timeStamp': '2021-01-17T10:27:54.1895544', 'status': 'Open'}"
"{'id': 7015, 'name': 'Will Alexandria Ocasio-Cortez run  in the 2022 NY Democratic Senate primary?', 'shortName': 'AOC runs in 2022 NY Dem Senate primary?', 'image': 'https://az620379.vo.msecnd.net/images/Markets/b33b636e-de9d-4069-9d3c-7ccb352ee335.jpg', 'url': 'https://www.predictit.org/markets/detail/7015/Will-Alexandria-Ocasio-Cortez-run-in-the-2022-NY-Democratic-Senate-primary', 'contracts': [{'id': 24597, 'dateEnd': 'NA', 'image': 'https://az620379.vo.msecnd.net/images/Contracts/b33b636e-de9d-4069-9d3c-7ccb352ee335.jpg', 'name': 'Will Alexandria Ocasio-Cortez run  in the 2022 NY Democratic Senate primary?', 'shortName': 'AOC runs in 2022 NY Dem Senate primary?', 'status': 'Open', 'lastTradePrice': 0.31, 'bestBuyYesCost': 0.31, 'bestBuyNoCost': 0.7, 'bestSellYesCost': 0.3, 'bestSellNoCost': 0.69, 'lastClosePrice': 0.31, 'displayOrder': 0}], 'timeStamp': '2021-01-17T10:27:54.1895544', 'status': 'Open'}"
"{'id': 7016, 'name': 'Which party will win the U.S. Senate election in Pennsylvania in 2022?', 'shortName': 'Which party will win the PA Senate race?', 'image': 'https://az620379.vo.msecnd.net/images/Markets/6fbde4c7-6824-416f-bc6c-ca71853aace1.jpg', 'url': 'https://www.predictit.org/markets/detail/7016/Which-party-will-win-the-US-Senate-election-in-Pennsylvania-in-2022', 'contracts': [{'id': 24601, 'dateEnd': 'NA', 'image': 'https://az620379.vo.msecnd.net/images/Contracts/small_0a6f9243-552a-4f7a-a253-088af5e83a68.png', 'name': 'Democratic', 'shortName': 'Democratic', 'status': 'Open', 'lastTradePrice': 0.61, 'bestBuyYesCost': 0.61, 'bestBuyNoCost': 0.4, 'bestSellYesCost': 0.6, 'bestSellNoCost': 0.39, 'lastClosePrice': 0.6, 'displayOrder': 0}, {'id': 24600, 'dateEnd': 'NA', 'image': 'https://az620379.vo.msecnd.net/images/Contracts/small_7ff9f1b5-ab35-4b51-a013-0629cd1eb09e.png', 'name': 'Republican', 'shortName': 'Republican', 'status': 'Open', 'lastTradePrice': 0.4, 'bestBuyYesCost': 0.4, 'bestBuyNoCost': 0.61, 'bestSellYesCost': 0.39, 'bestSellNoCost': 0.6, 'lastClosePrice': 0.4, 'displayOrder': 0}], 'timeStamp': '2021-01-17T10:27:54.1895544', 'status': 'Open'}"
"{'id': 7017, 'name': 'Which party will win the U.S. Senate election in North Carolina in 2022?', 'shortName': 'Which party will win the NC Senate race?', 'image': 'https://az620379.vo.msecnd.net/images/Markets/47ddaa43-cbee-4284-a578-edd5c3b5ffda.jpg', 'url': 'https://www.predictit.org/markets/detail/7017/Which-party-will-win-the-US-Senate-election-in-North-Carolina-in-2022', 'contracts': [{'id': 24602, 'dateEnd': 'NA', 'image': 'https://az620379.vo.msecnd.net/images/Contracts/small_7ff9f1b5-ab35-4b51-a013-0629cd1eb09e.png', 'name': 'Republican', 'shortName': 'Republican', 'status': 'Open', 'lastTradePrice': 0.54, 'bestBuyYesCost': 0.54, 'bestBuyNoCost': 0.47, 'bestSellYesCost': 0.53, 'bestSellNoCost': 0.46, 'lastClosePrice': 0.54, 'displayOrder': 0}, {'id': 24603, 'dateEnd': 'NA', 'image': 'https://az620379.vo.msecnd.net/images/Contracts/small_0a6f9243-552a-4f7a-a253-088af5e83a68.png', 'name': 'Democratic', 'shortName': 'Democratic', 'status': 'Open', 'lastTradePrice': 0.47, 'bestBuyYesCost': 0.47, 'bestBuyNoCost': 0.54, 'bestSellYesCost': 0.46, 'bestSellNoCost': 0.53, 'lastClosePrice': 0.47, 'displayOrder': 0}], 'timeStamp': '2021-01-17T10:27:54.1895544', 'status': 'Open'}"
"{'id': 7018, 'name': 'Will Donald Trump Jr. run in the 2022 Pennsylvania Republican Senate primary?', 'shortName': 'Don Jr runs in 2022 PA GOP Sen. primary?', 'image': 'https://az620379.vo.msecnd.net/images/Markets/2badfab5-24b6-4e6d-8988-19c135639222.jpg', 'url': 'https://www.predictit.org/markets/detail/7018/Will-Donald-Trump-Jr-run-in-the-2022-Pennsylvania-Republican-Senate-primary', 'contracts': [{'id': 24604, 'dateEnd': 'NA', 'image': 'https://az620379.vo.msecnd.net/images/Contracts/small_2badfab5-24b6-4e6d-8988-19c135639222.jpg', 'name': 'Will Donald Trump Jr. run in the 2022 Pennsylvania Republican Senate primary?', 'shortName': 'Don Jr runs in 2022 PA GOP Sen. primary?', 'status': 'Open', 'lastTradePrice': 0.16, 'bestBuyYesCost': 0.16, 'bestBuyNoCost': 0.85, 'bestSellYesCost': 0.15, 'bestSellNoCost': 0.84, 'lastClosePrice': 0.16, 'displayOrder': 0}], 'timeStamp': '2021-01-17T10:27:54.1895544', 'status': 'Open'}"
"{'id': 7019, 'name': 'Will Lara Trump run  in the 2022 North Carolina Republican Senate primary?', 'shortName': 'Lara Trump in 2022 NC GOP Sen. primary?', 'image': 'https://az620379.vo.msecnd.net/images/Markets/a872ad5c-b43a-4208-9e5e-8a9fcb2031c0.jpg', 'url': 'https://www.predictit.org/markets/detail/7019/Will-Lara-Trump-run-in-the-2022-North-Carolina-Republican-Senate-primary', 'contracts': [{'id': 24605, 'dateEnd': 'NA', 'image': 'https://az620379.vo.msecnd.net/images/Contracts/small_a872ad5c-b43a-4208-9e5e-8a9fcb2031c0.jpg', 'name': 'Will Lara Trump run  in the 2022 North Carolina Republican Senate primary?', 'shortName': 'Lara Trump in 2022 NC GOP Sen. primary?', 'status': 'Open', 'lastTradePrice': 0.37, 'bestBuyYesCost': 0.37, 'bestBuyNoCost': 0.65, 'bestSellYesCost': 0.35, 'bestSellNoCost': 0.63, 'lastClosePrice': 0.36, 'displayOrder': 0}], 'timeStamp': '2021-01-17T10:27:54.1895544', 'status': 'Open'}"
"{'id': 7020, 'name': 'Who will be the Senate-confirmed USAID Administrator on Mar. 16?', 'shortName': 'USAID Administrator on March 16?', 'image': 'https://az620379.vo.msecnd.net/images/Markets/7a0a4915-70bb-43c1-a049-d4f658225f71.jpg', 'url': 'https://www.predictit.org/markets/detail/7020/Who-will-be-the-Senate-confirmed-USAID-Administrator-on-Mar-16', 'contracts': [{'id': 24621, 'dateEnd': '2021-03-16T23:59:00', 'image': 'https://az620379.vo.msecnd.net/images/Contracts/small_c3db06f2-b165-466b-b14d-99211dac1cef.jpg', 'name': 'Samantha Power', 'shortName': 'Power', 'status': 'Open', 'lastTradePrice': 0.56, 'bestBuyYesCost': 0.57, 'bestBuyNoCost': 0.44, 'bestSellYesCost': 0.56, 'bestSellNoCost': 0.43, 'lastClosePrice': 0.58, 'displayOrder': 0}, {'id': 24612, 'dateEnd': '2021-03-16T23:59:00', 'image': 'https://az620379.vo.msecnd.net/images/Contracts/small_9da188a4-d8bd-4dc5-92c7-df6d47be185c.jpg', 'name': 'John Barsa', 'shortName': 'Barsa', 'status': 'Open', 'lastTradePrice': 0.04, 'bestBuyYesCost': 0.04, 'bestBuyNoCost': 0.97, 'bestSellYesCost': 0.03, 'bestSellNoCost': 0.96, 'lastClosePrice': 0.03, 'displayOrder': 0}, {'id': 24608, 'dateEnd': '2021-03-16T23:59:00', 'image': 'https://az620379.vo.msecnd.net/images/Contracts/small_11f502f3-525f-4186-b705-0bbad50f1225.jpg', 'name': 'Ertharin Cousin', 'shortName': 'Cousin', 'status': 'Open', 'lastTradePrice': 0.01, 'bestBuyYesCost': 0.01, 'bestBuyNoCost': None, 'bestSellYesCost': None, 'bestSellNoCost': 0.99, 'lastClosePrice': 0.01, 'displayOrder': 0}, {'id': 24609, 'dateEnd': '2021-03-16T23:59:00', 'image': 'https://az620379.vo.msecnd.net/images/Contracts/small_44fa9bf7-2850-4157-8079-16ed36a0f123.jpg', 'name': 'Liz Schrayer', 'shortName': 'Schrayer', 'status': 'Open', 'lastTradePrice': 0.01, 'bestBuyYesCost': 0.01, 'bestBuyNoCost': None, 'bestSellYesCost': None, 'bestSellNoCost': 0.99, 'lastClosePrice': 0.01, 'displayOrder': 0}, {'id': 24610, 'dateEnd': '2021-03-16T23:59:00', 'image': 'https://az620379.vo.msecnd.net/images/Contracts/small_c92d9903-f404-4af8-aa9f-2624cd27e6e7.jpg', 'name': 'Frederick Barton', 'shortName': 'Barton', 'status': 'Open', 'lastTradePrice': 0.01, 'bestBuyYesCost': 0.01, 'bestBuyNoCost': None, 'bestSellYesCost': None, 'bestSellNoCost': 0.99, 'lastClosePrice': 0.01, 'displayOrder': 0}, {'id': 24611, 'dateEnd': '2021-03-16T23:59:00', 'image': 'https://az620379.vo.msecnd.net/images/Contracts/small_aa5e1336-0e5a-4243-ba5b-ac925ecc6666.jpg', 'name': 'Jeremy Konyndyk', 'shortName': 'Konyndyk', 'status': 'Open', 'lastTradePrice': 0.01, 'bestBuyYesCost': 0.01, 'bestBuyNoCost': None, 'bestSellYesCost': None, 'bestSellNoCost': 0.99, 'lastClosePrice': 0.01, 'displayOrder': 0}, {'id': 24613, 'dateEnd': '2021-03-16T23:59:00', 'image': 'https://az620379.vo.msecnd.net/images/Contracts/small_6e61f0cb-092e-4905-b51d-bf465bf6bf96.jpg', 'name': 'Ami Bera', 'shortName': 'Bera', 'status': 'Open', 'lastTradePrice': 0.01, 'bestBuyYesCost': 0.01, 'bestBuyNoCost': None, 'bestSellYesCost': None, 'bestSellNoCost': 0.99, 'lastClosePrice': 0.01, 'displayOrder': 0}, {'id': 24622, 'dateEnd': '2021-03-16T23:59:00', 'image': 'https://az620379.vo.msecnd.net/images/Contracts/small_34b6dcd1-d90b-4550-a816-d322c99e468d.jpg', 'name': 'Gayle Smith', 'shortName': 'Smith', 'status': 'Open', 'lastTradePrice': 0.01, 'bestBuyYesCost': 0.01, 'bestBuyNoCost': None, 'bestSellYesCost': None, 'bestSellNoCost': 0.99, 'lastClosePrice': 0.01, 'displayOrder': 0}], 'timeStamp': '2021-01-17T10:27:54.1895544', 'status': 'Open'}"
"{'id': 7021, 'name': 'Will Ivanka Trump run  in the 2022 Florida Republican Senate primary?', 'shortName': ""Ivanka Trump in '22 FL GOP Sen. primary?"", 'image': 'https://az620379.vo.msecnd.net/images/Markets/b69798db-35ed-4239-b6e1-c3fc6dd1a0fa.jpg', 'url': 'https://www.predictit.org/markets/detail/7021/Will-Ivanka-Trump-run-in-the-2022-Florida-Republican-Senate-primary', 'contracts': [{'id': 24623, 'dateEnd': 'NA', 'image': 'https://az620379.vo.msecnd.net/images/Contracts/small_b69798db-35ed-4239-b6e1-c3fc6dd1a0fa.jpg', 'name': 'Will Ivanka Trump run  in the 2022 Florida Republican Senate primary?', 'shortName': ""Ivanka Trump in '22 FL GOP Sen. primary?"", 'status': 'Open', 'lastTradePrice': 0.25, 'bestBuyYesCost': 0.25, 'bestBuyNoCost': 0.76, 'bestSellYesCost': 0.24, 'bestSellNoCost': 0.75, 'lastClosePrice': 0.24, 'displayOrder': 0}], 'timeStamp': '2021-01-17T10:27:54.1895544', 'status': 'Open'}"
"{'id': 7024, 'name': 'Which party will win the U.S. Senate election in Florida in 2022?', 'shortName': 'Which party will win the FL Senate race?', 'image': 'https://az620379.vo.msecnd.net/images/Markets/8eaa6f8c-c494-4ce0-856b-d284cdd579b6.jpg', 'url': 'https://www.predictit.org/markets/detail/7024/Which-party-will-win-the-US-Senate-election-in-Florida-in-2022', 'contracts': [{'id': 24628, 'dateEnd': 'NA', 'image': 'https://az620379.vo.msecnd.net/images/Contracts/small_7ff9f1b5-ab35-4b51-a013-0629cd1eb09e.png', 'name': 'Republican', 'shortName': 'Republican', 'status': 'Open', 'lastTradePrice': 0.69, 'bestBuyYesCost': 0.7, 'bestBuyNoCost': 0.32, 'bestSellYesCost': 0.68, 'bestSellNoCost': 0.3, 'lastClosePrice': 0.69, 'displayOrder': 0}, {'id': 24629, 'dateEnd': 'NA', 'image': 'https://az620379.vo.msecnd.net/images/Contracts/small_0a6f9243-552a-4f7a-a253-088af5e83a68.png', 'name': 'Democratic', 'shortName': 'Democratic', 'status': 'Open', 'lastTradePrice': 0.35, 'bestBuyYesCost': 0.35, 'bestBuyNoCost': 0.66, 'bestSellYesCost': 0.34, 'bestSellNoCost': 0.65, 'lastClosePrice': 0.35, 'displayOrder': 0}], 'timeStamp': '2021-01-17T10:27:54.1895544', 'status': 'Open'}"
"{'id': 7030, 'name': 'Who will win the 2021 Virginia Democratic gubernatorial primary?', 'shortName': ""Who'll win VA Dem gubernatorial primary?"", 'image': 'https://az620379.vo.msecnd.net/images/Markets/a8862008-8983-4566-9806-00ac7a3acb38.jpg', 'url': 'https://www.predictit.org/markets/detail/7030/Who-will-win-the-2021-Virginia-Democratic-gubernatorial-primary', 'contracts': [{'id': 24658, 'dateEnd': 'NA', 'image': 'https://az620379.vo.msecnd.net/images/Contracts/small_a85589a8-a4f6-4fca-9f11-81e1cf863672.jpg', 'name': 'Terry McAuliffe', 'shortName': 'McAuliffe', 'status': 'Open', 'lastTradePrice': 0.8, 'bestBuyYesCost': 0.81, 'bestBuyNoCost': 0.2, 'bestSellYesCost': 0.8, 'bestSellNoCost': 0.19, 'lastClosePrice': 0.81, 'displayOrder': 0}, {'id': 24660, 'dateEnd': 'NA', 'image': 'https://az620379.vo.msecnd.net/images/Contracts/small_0f702e7e-0c26-4199-bca4-c4ecf4f2f60f.jpg', 'name': 'Jennifer Carroll Foy', 'shortName': 'Carroll Foy', 'status': 'Open', 'lastTradePrice': 0.15, 'bestBuyYesCost': 0.16, 'bestBuyNoCost': 0.86, 'bestSellYesCost': 0.14, 'bestSellNoCost': 0.84, 'lastClosePrice': 0.15, 'displayOrder': 0}, {'id': 24659, 'dateEnd': 'NA', 'image': 'https://az620379.vo.msecnd.net/images/Contracts/small_9d941611-b328-4f4c-9776-c533dc570078.jpg', 'name': 'Jennifer McClellan', 'shortName': 'McClellan', 'status': 'Open', 'lastTradePrice': 0.04, 'bestBuyYesCost': 0.05, 'bestBuyNoCost': 0.96, 'bestSellYesCost': 0.04, 'bestSellNoCost': 0.95, 'lastClosePrice': 0.04, 'displayOrder': 0}, {'id': 24661, 'dateEnd': 'NA', 'image': 'https://az620379.vo.msecnd.net/images/Contracts/small_5c3e70b7-0dba-43ff-9423-81536b473497.jpg', 'name': 'Justin Fairfax', 'shortName': 'Fairfax', 'status': 'Open', 'lastTradePrice': 0.02, 'bestBuyYesCost': 0.02, 'bestBuyNoCost': 0.99, 'bestSellYesCost': 0.01, 'bestSellNoCost': 0.98, 'lastClosePrice': 0.02, 'displayOrder': 0}], 'timeStamp': '2021-01-17T10:27:54.1895544', 'status': 'Open'}"
"{'id': 7035, 'name': 'Will Benjamin Netanyahu be prime minister of Israel on June 30, 2021?', 'shortName': 'Netanyahu Israeli PM on 6/30?', 'image': 'https://az620379.vo.msecnd.net/images/Markets/0627818e-17f0-46cd-88d6-c4e9331d3bc3.jpg', 'url': 'https://www.predictit.org/markets/detail/7035/Will-Benjamin-Netanyahu-be-prime-minister-of-Israel-on-June-30,-2021', 'contracts': [{'id': 24678, 'dateEnd': '2021-06-30T16:59:00', 'image': 'https://az620379.vo.msecnd.net/images/Contracts/0627818e-17f0-46cd-88d6-c4e9331d3bc3.jpg', 'name': 'Will Benjamin Netanyahu be prime minister of Israel on June 30, 2021?', 'shortName': 'Netanyahu Israeli PM on 6/30?', 'status': 'Open', 'lastTradePrice': 0.62, 'bestBuyYesCost': 0.63, 'bestBuyNoCost': 0.39, 'bestSellYesCost': 0.61, 'bestSellNoCost': 0.37, 'lastClosePrice': 0.61, 'displayOrder': 0}], 'timeStamp': '2021-01-17T10:27:54.1895544', 'status': 'Open'}"
"{'id': 7036, 'name': ""How many seats will Israel's Likud Party win in the next Knesset election?"", 'shortName': 'How many seats will Likud win?', 'image': 'https://az620379.vo.msecnd.net/images/Markets/d65091f7-82af-4ce5-b722-2113119c99c3.png', 'url': ""https://www.predictit.org/markets/detail/7036/How-many-seats-will-Israel's-Likud-Party-win-in-the-next-Knesset-election"", 'contracts': [{'id': 24680, 'dateEnd': 'NA', 'image': 'https://az620379.vo.msecnd.net/images/Contracts/small_c0a93952-ab5e-4749-a569-2dc495940a7c.png', 'name': '23 or fewer', 'shortName': '23 or fewer', 'status': 'Open', 'lastTradePrice': 0.06, 'bestBuyYesCost': 0.07, 'bestBuyNoCost': 0.94, 'bestSellYesCost': 0.06, 'bestSellNoCost': 0.93, 'lastClosePrice': 0.06, 'displayOrder': 0}, {'id': 24688, 'dateEnd': 'NA', 'image': 'https://az620379.vo.msecnd.net/images/Contracts/small_918bd754-98c6-4d92-beaf-13be35d92151.png', 'name': '24 or 25', 'shortName': '24 or 25', 'status': 'Open', 'lastTradePrice': 0.12, 'bestBuyYesCost': 0.12, 'bestBuyNoCost': 0.9, 'bestSellYesCost': 0.1, 'bestSellNoCost': 0.88, 'lastClosePrice': 0.12, 'displayOrder': 0}, {'id': 24686, 'dateEnd': 'NA', 'image': 'https://az620379.vo.msecnd.net/images/Contracts/small_918bd754-98c6-4d92-beaf-13be35d92151.png', 'name': '26 or 27', 'shortName': '26 or 27', 'status': 'Open', 'lastTradePrice': 0.19, 'bestBuyYesCost': 0.19, 'bestBuyNoCost': 0.82, 'bestSellYesCost': 0.18, 'bestSellNoCost': 0.81, 'lastClosePrice': 0.18, 'displayOrder': 0}, {'id': 24681, 'dateEnd': 'NA', 'image': 'https://az620379.vo.msecnd.net/images/Contracts/small_546b1a31-1de3-41c7-a346-42a46f43f92d.png', 'name': '28 or 29', 'shortName': '28 or 29', 'status': 'Open', 'lastTradePrice': 0.19, 'bestBuyYesCost': 0.19, 'bestBuyNoCost': 0.82, 'bestSellYesCost': 0.18, 'bestSellNoCost': 0.81, 'lastClosePrice': 0.19, 'displayOrder': 0}, {'id': 24682, 'dateEnd': 'NA', 'image': 'https://az620379.vo.msecnd.net/images/Contracts/small_4a1f40ad-6902-4476-b781-fc65de80a738.png', 'name': '30 or 31', 'shortName': '30 or 31', 'status': 'Open', 'lastTradePrice': 0.15, 'bestBuyYesCost': 0.15, 'bestBuyNoCost': 0.86, 'bestSellYesCost': 0.14, 'bestSellNoCost': 0.85, 'lastClosePrice': 0.15, 'displayOrder': 0}, {'id': 24683, 'dateEnd': 'NA', 'image': 'https://az620379.vo.msecnd.net/images/Contracts/small_d6c603a8-b467-42b5-8adf-96249f19f1bf.png', 'name': '32 or 33', 'shortName': '32 or 33', 'status': 'Open', 'lastTradePrice': 0.13, 'bestBuyYesCost': 0.13, 'bestBuyNoCost': 0.89, 'bestSellYesCost': 0.11, 'bestSellNoCost': 0.87, 'lastClosePrice': 0.12, 'displayOrder': 0}, {'id': 24685, 'dateEnd': 'NA', 'image': 'https://az620379.vo.msecnd.net/images/Contracts/small_a40dcac0-f979-4017-86e1-f20e30a8dd4b.png', 'name': '34 or 35', 'shortName': '34 or 35', 'status': 'Open', 'lastTradePrice': 0.1, 'bestBuyYesCost': 0.1, 'bestBuyNoCost': 0.92, 'bestSellYesCost': 0.08, 'bestSellNoCost': 0.9, 'lastClosePrice': 0.1, 'displayOrder': 0}, {'id': 24684, 'dateEnd': 'NA', 'image': 'https://az620379.vo.msecnd.net/images/Contracts/small_503c0dab-83c0-481f-a3f3-bd4cdf6b535c.png', 'name': '36 or 37', 'shortName': '36 or 37', 'status': 'Open', 'lastTradePrice': 0.05, 'bestBuyYesCost': 0.05, 'bestBuyNoCost': 0.96, 'bestSellYesCost': 0.04, 'bestSellNoCost': 0.95, 'lastClosePrice': 0.05, 'displayOrder': 0}, {'id': 24687, 'dateEnd': 'NA', 'image': 'https://az620379.vo.msecnd.net/images/Contracts/small_918bd754-98c6-4d92-beaf-13be35d92151.png', 'name': '38 or 39', 'shortName': '38 or 39', 'status': 'Open', 'lastTradePrice': 0.04, 'bestBuyYesCost': 0.04, 'bestBuyNoCost': 0.98, 'bestSellYesCost': 0.02, 'bestSellNoCost': 0.96, 'lastClosePrice': 0.03, 'displayOrder': 0}, {'id': 24679, 'dateEnd': 'NA', 'image': 'https://az620379.vo.msecnd.net/images/Contracts/small_1c6a79ee-2596-4c43-ac22-9489bfb6dd42.png', 'name': '40 or more', 'shortName': '40 or more', 'status': 'Open', 'lastTradePrice': 0.03, 'bestBuyYesCost': 0.03, 'bestBuyNoCost': 0.98, 'bestSellYesCost': 0.02, 'bestSellNoCost': 0.97, 'lastClosePrice': 0.03, 'displayOrder': 0}], 'timeStamp': '2021-01-17T10:27:54.1895544', 'status': 'Open'}"
"{'id': 7039, 'name': 'Will there be enough signatures by Mar. 17 for a vote on recall of Gov. Newsom?', 'shortName': 'Support by 3/17 for Newsom recall vote?', 'image': 'https://az620379.vo.msecnd.net/images/Markets/95aaa8e0-8370-4644-8925-e50e427dc3fc.jpg', 'url': 'https://www.predictit.org/markets/detail/7039/Will-there-be-enough-signatures-by-Mar-17-for-a-vote-on-recall-of-Gov-Newsom', 'contracts': [{'id': 24705, 'dateEnd': 'NA', 'image': 'https://az620379.vo.msecnd.net/images/Contracts/small_95aaa8e0-8370-4644-8925-e50e427dc3fc.jpg', 'name': 'Will there be enough signatures by Mar. 17 for a vote on recall of Gov. Newsom?', 'shortName': 'Support for Newsom recall vote by 3/17?', 'status': 'Open', 'lastTradePrice': 0.45, 'bestBuyYesCost': 0.48, 'bestBuyNoCost': 0.55, 'bestSellYesCost': 0.45, 'bestSellNoCost': 0.52, 'lastClosePrice': 0.51, 'displayOrder': 0}], 'timeStamp': '2021-01-17T10:27:54.1895544', 'status': 'Open'}"
"{'id': 7040, 'name': 'Who will be chancellor of Germany on Dec. 31?', 'shortName': 'German chancellor on 12/31?', 'image': 'https://az620379.vo.msecnd.net/images/Markets/57b73306-13ca-43ae-ba96-c06a81c81e4b.jpg', 'url': 'https://www.predictit.org/markets/detail/7040/Who-will-be-chancellor-of-Germany-on-Dec-31', 'contracts': [{'id': 24714, 'dateEnd': '2021-12-31T18:00:00', 'image': 'https://az620379.vo.msecnd.net/images/Contracts/small_ac851ce2-8476-4fc4-9066-ed6765293d9d.jpg', 'name': 'Armin Laschet', 'shortName': 'Laschet', 'status': 'Open', 'lastTradePrice': 0.43, 'bestBuyYesCost': 0.45, 'bestBuyNoCost': 0.56, 'bestSellYesCost': 0.44, 'bestSellNoCost': 0.55, 'lastClosePrice': 0.45, 'displayOrder': 0}, {'id': 24717, 'dateEnd': '2021-12-31T18:00:00', 'image': 'https://az620379.vo.msecnd.net/images/Contracts/small_2c1954cf-3ebe-40fd-872b-2f0d5e3c2ca4.jpg', 'name': 'Markus Söder', 'shortName': 'Söder', 'status': 'Open', 'lastTradePrice': 0.32, 'bestBuyYesCost': 0.39, 'bestBuyNoCost': 0.68, 'bestSellYesCost': 0.32, 'bestSellNoCost': 0.61, 'lastClosePrice': 0.31, 'displayOrder': 0}, {'id': 24713, 'dateEnd': '2021-12-31T18:00:00', 'image': 'https://az620379.vo.msecnd.net/images/Contracts/small_aa492d39-d410-47d1-89b4-79d6b000d552.jpg', 'name': 'Robert Habeck', 'shortName': 'Habeck', 'status': 'Open', 'lastTradePrice': 0.06, 'bestBuyYesCost': 0.07, 'bestBuyNoCost': 0.94, 'bestSellYesCost': 0.06, 'bestSellNoCost': 0.93, 'lastClosePrice': 0.06, 'displayOrder': 0}, {'id': 24726, 'dateEnd': '2021-12-31T18:00:00', 'image': 'https://az620379.vo.msecnd.net/images/Contracts/small_139ab75e-8dd3-4660-85a0-21cc883a6b80.jpg', 'name': 'Jens Spahn', 'shortName': 'Spahn', 'status': 'Open', 'lastTradePrice': 0.05, 'bestBuyYesCost': 0.06, 'bestBuyNoCost': 0.95, 'bestSellYesCost': 0.05, 'bestSellNoCost': 0.94, 'lastClosePrice': 0.05, 'displayOrder': 0}, {'id': 24706, 'dateEnd': '2021-12-31T18:00:00', 'image': 'https://az620379.vo.msecnd.net/images/Contracts/small_443fecc6-16bf-4f1d-8ba7-608af9937873.jpg', 'name': 'Olaf Scholz', 'shortName': 'Scholz', 'status': 'Open', 'lastTradePrice': 0.03, 'bestBuyYesCost': 0.04, 'bestBuyNoCost': 0.97, 'bestSellYesCost': 0.03, 'bestSellNoCost': 0.96, 'lastClosePrice': 0.03, 'displayOrder': 0}, {'id': 24718, 'dateEnd': '2021-12-31T18:00:00', 'image': 'https://az620379.vo.msecnd.net/images/Contracts/small_c22933bd-63ea-438c-b256-df887bfdc536.jpg', 'name': 'Angela Merkel', 'shortName': 'Merkel', 'status': 'Open', 'lastTradePrice': 0.03, 'bestBuyYesCost': 0.04, 'bestBuyNoCost': 0.97, 'bestSellYesCost': 0.03, 'bestSellNoCost': 0.96, 'lastClosePrice': 0.03, 'displayOrder': 0}, {'id': 24707, 'dateEnd': '2021-12-31T18:00:00', 'image': 'https://az620379.vo.msecnd.net/images/Contracts/small_bf96f1a2-4976-49c0-af23-11e82716a36e.jpg', 'name': 'Christian Lindner', 'shortName': 'Lindner', 'status': 'Open', 'lastTradePrice': 0.01, 'bestBuyYesCost': 0.02, 'bestBuyNoCost': 0.99, 'bestSellYesCost': 0.01, 'bestSellNoCost': 0.98, 'lastClosePrice': 0.01, 'displayOrder': 0}, {'id': 24708, 'dateEnd': '2021-12-31T18:00:00', 'image': 'https://az620379.vo.msecnd.net/images/Contracts/small_cfa59538-b4e5-4e71-b84c-6d525763343e.jpg', 'name': 'Katja Kipping', 'shortName': 'Kipping', 'status': 'Open', 'lastTradePrice': 0.01, 'bestBuyYesCost': 0.02, 'bestBuyNoCost': 0.99, 'bestSellYesCost': 0.01, 'bestSellNoCost': 0.98, 'lastClosePrice': 0.01, 'displayOrder': 0}, {'id': 24709, 'dateEnd': '2021-12-31T18:00:00', 'image': 'https://az620379.vo.msecnd.net/images/Contracts/small_a5929c6e-be4d-4769-89c4-eebbf8c45308.jpg', 'name': 'Annalena Baerbock', 'shortName': 'Baerbock', 'status': 'Open', 'lastTradePrice': 0.01, 'bestBuyYesCost': 0.02, 'bestBuyNoCost': 0.99, 'bestSellYesCost': 0.01, 'bestSellNoCost': 0.98, 'lastClosePrice': 0.02, 'displayOrder': 0}, {'id': 24710, 'dateEnd': '2021-12-31T18:00:00', 'image': 'https://az620379.vo.msecnd.net/images/Contracts/small_f9c1eaa3-2a22-48ec-87e1-e3df22c92bc0.jpg', 'name': 'Alice Weidel', 'shortName': 'Weidel', 'status': 'Open', 'lastTradePrice': 0.01, 'bestBuyYesCost': 0.02, 'bestBuyNoCost': 0.99, 'bestSellYesCost': 0.01, 'bestSellNoCost': 0.98, 'lastClosePrice': 0.02, 'displayOrder': 0}, {'id': 24711, 'dateEnd': '2021-12-31T18:00:00', 'image': 'https://az620379.vo.msecnd.net/images/Contracts/small_04e3f340-42ed-4b67-b203-03c0c902e47a.jpg', 'name': 'Alexander Gauland', 'shortName': 'Gauland', 'status': 'Open', 'lastTradePrice': 0.01, 'bestBuyYesCost': 0.02, 'bestBuyNoCost': 0.99, 'bestSellYesCost': 0.01, 'bestSellNoCost': 0.98, 'lastClosePrice': 0.01, 'displayOrder': 0}, {'id': 24712, 'dateEnd': '2021-12-31T18:00:00', 'image': 'https://az620379.vo.msecnd.net/images/Contracts/small_6f256a69-b89d-473e-b123-fa037fc37314.jpg', 'name': 'Bernd Riexinger', 'shortName': 'Riexinger', 'status': 'Open', 'lastTradePrice': 0.01, 'bestBuyYesCost': 0.01, 'bestBuyNoCost': None, 'bestSellYesCost': None, 'bestSellNoCost': 0.99, 'lastClosePrice': 0.01, 'displayOrder': 0}, {'id': 24715, 'dateEnd': '2021-12-31T18:00:00', 'image': 'https://az620379.vo.msecnd.net/images/Contracts/small_ffe4f835-cf58-4c4a-8293-40c2b9e3e2bd.jpg', 'name': 'Friedrich Merz', 'shortName': 'Merz', 'status': 'Open', 'lastTradePrice': 0.01, 'bestBuyYesCost': 0.02, 'bestBuyNoCost': 0.99, 'bestSellYesCost': 0.01, 'bestSellNoCost': 0.98, 'lastClosePrice': 0.01, 'displayOrder': 0}, {'id': 24716, 'dateEnd': '2021-12-31T18:00:00', 'image': 'https://az620379.vo.msecnd.net/images/Contracts/small_4c6a03a1-54ef-4df1-8d46-c3940a25ea10.jpg', 'name': 'Norbert Röttgen', 'shortName': 'Röttgen', 'status': 'Open', 'lastTradePrice': 0.01, 'bestBuyYesCost': 0.02, 'bestBuyNoCost': 0.99, 'bestSellYesCost': 0.01, 'bestSellNoCost': 0.98, 'lastClosePrice': 0.01, 'displayOrder': 0}, {'id': 24719, 'dateEnd': '2021-12-31T18:00:00', 'image': 'https://az620379.vo.msecnd.net/images/Contracts/small_a4e91b26-3d49-497b-8d58-cabeaa13e3ad.jpg', 'name': 'A. Kramp-Karrenbauer', 'shortName': 'Kramp-Karrenbauer', 'status': 'Open', 'lastTradePrice': 0.01, 'bestBuyYesCost': 0.01, 'bestBuyNoCost': None, 'bestSellYesCost': None, 'bestSellNoCost': 0.99, 'lastClosePrice': 0.01, 'displayOrder': 0}], 'timeStamp': '2021-01-17T10:27:54.1895544', 'status': 'Open'}"
"{'id': 7041, 'name': 'Who will win the 2021 Virginia Republican gubernatorial nomination?', 'shortName': ""Who'll be VA GOP gubernatorial nominee?"", 'image': 'https://az620379.vo.msecnd.net/images/Markets/abf926d9-bdd1-4053-bbf6-616f293b052b.jpg', 'url': 'https://www.predictit.org/markets/detail/7041/Who-will-win-the-2021-Virginia-Republican-gubernatorial-nomination', 'contracts': [{'id': 24721, 'dateEnd': 'NA', 'image': 'https://az620379.vo.msecnd.net/images/Contracts/small_3c33aaff-e104-4824-800a-e4fc14d8622e.jpg', 'name': 'Kirk Cox', 'shortName': 'Cox', 'status': 'Open', 'lastTradePrice': 0.6, 'bestBuyYesCost': 0.63, 'bestBuyNoCost': 0.39, 'bestSellYesCost': 0.61, 'bestSellNoCost': 0.37, 'lastClosePrice': 0.63, 'displayOrder': 0}, {'id': 24724, 'dateEnd': 'NA', 'image': 'https://az620379.vo.msecnd.net/images/Contracts/small_56b36e01-6d6b-4254-be22-ba23a294eafe.jpg', 'name': 'Pete Snyder', 'shortName': 'Snyder', 'status': 'Open', 'lastTradePrice': 0.32, 'bestBuyYesCost': 0.32, 'bestBuyNoCost': 0.7, 'bestSellYesCost': 0.3, 'bestSellNoCost': 0.68, 'lastClosePrice': 0.28, 'displayOrder': 0}, {'id': 24720, 'dateEnd': 'NA', 'image': 'https://az620379.vo.msecnd.net/images/Contracts/small_f652e96e-4399-4492-9f9a-5e30ac130025.jpg', 'name': 'Amanda Chase', 'shortName': 'Chase', 'status': 'Open', 'lastTradePrice': 0.07, 'bestBuyYesCost': 0.08, 'bestBuyNoCost': 0.93, 'bestSellYesCost': 0.07, 'bestSellNoCost': 0.92, 'lastClosePrice': 0.08, 'displayOrder': 0}, {'id': 24722, 'dateEnd': 'NA', 'image': 'https://az620379.vo.msecnd.net/images/Contracts/small_82555c4a-fc5d-4ea1-893f-1ac86daeb99a.jpg', 'name': 'Neil Chatterjee', 'shortName': 'Chatterjee', 'status': 'Open', 'lastTradePrice': 0.01, 'bestBuyYesCost': 0.01, 'bestBuyNoCost': None, 'bestSellYesCost': None, 'bestSellNoCost': 0.99, 'lastClosePrice': 0.01, 'displayOrder': 0}, {'id': 24723, 'dateEnd': 'NA', 'image': 'https://az620379.vo.msecnd.net/images/Contracts/small_689e97c5-0beb-4b09-90c6-ee76beec5275.jpg', 'name': 'Emmett Hanger', 'shortName': 'Hanger', 'status': 'Open', 'lastTradePrice': 0.01, 'bestBuyYesCost': 0.01, 'bestBuyNoCost': None, 'bestSellYesCost': None, 'bestSellNoCost': 0.99, 'lastClosePrice': 0.01, 'displayOrder': 0}, {'id': 24725, 'dateEnd': 'NA', 'image': 'https://az620379.vo.msecnd.net/images/Contracts/small_47df0028-69ff-4ddf-b4c2-5972b3349b40.jpg', 'name': 'Bill Stanley', 'shortName': 'Stanley', 'status': 'Open', 'lastTradePrice': 0.01, 'bestBuyYesCost': 0.01, 'bestBuyNoCost': None, 'bestSellYesCost': None, 'bestSellNoCost': 0.99, 'lastClosePrice': 0.01, 'displayOrder': 0}], 'timeStamp': '2021-01-17T10:27:54.1895544', 'status': 'Open'}"
"{'id': 7043, 'name': 'Will there be a statewide recount in either Georgia Senate runoff?', 'shortName': 'Statewide recount in either GA runoff?', 'image': 'https://az620379.vo.msecnd.net/images/Markets/dd0f932a-dd8b-4c18-a2ca-0880308ac40f.jpg', 'url': 'https://www.predictit.org/markets/detail/7043/Will-there-be-a-statewide-recount-in-either-Georgia-Senate-runoff', 'contracts': [{'id': 24730, 'dateEnd': 'NA', 'image': 'https://az620379.vo.msecnd.net/images/Contracts/small_dd0f932a-dd8b-4c18-a2ca-0880308ac40f.jpg', 'name': 'Will there be a statewide recount in either Georgia Senate runoff?', 'shortName': 'Statewide recount in either GA runoff?', 'status': 'Open', 'lastTradePrice': 0.01, 'bestBuyYesCost': 0.02, 'bestBuyNoCost': 0.99, 'bestSellYesCost': 0.01, 'bestSellNoCost': 0.98, 'lastClosePrice': 0.01, 'displayOrder': 0}], 'timeStamp': '2021-01-17T10:27:54.1895544', 'status': 'Open'}"
"{'id': 7045, 'name': 'How many Yea votes for a Trump impeachment resolution before noon Jan. 20?', 'shortName': 'Trump impeachment Yeas before noon 1/20?', 'image': 'https://az620379.vo.msecnd.net/images/Markets/252d4792-2110-49d5-b1a3-3bd5ad328d93.jpg', 'url': 'https://www.predictit.org/markets/detail/7045/How-many-Yea-votes-for-a-Trump-impeachment-resolution-before-noon-Jan-20', 'contracts': [{'id': 24732, 'dateEnd': '2021-01-20T11:59:00', 'image': 'https://az620379.vo.msecnd.net/images/Contracts/small_94022f5c-1fc4-4383-b80a-3972d131fad3.jpg', 'name': '216 or fewer', 'shortName': '216 or fewer', 'status': 'Open', 'lastTradePrice': 0.01, 'bestBuyYesCost': 0.01, 'bestBuyNoCost': None, 'bestSellYesCost': None, 'bestSellNoCost': 0.99, 'lastClosePrice': 0.01, 'displayOrder': 0}, {'id': 24733, 'dateEnd': '2021-01-20T11:59:00', 'image': 'https://az620379.vo.msecnd.net/images/Contracts/small_94022f5c-1fc4-4383-b80a-3972d131fad3.jpg', 'name': '217 to 220', 'shortName': '217 to 220', 'status': 'Open', 'lastTradePrice': 0.01, 'bestBuyYesCost': 0.01, 'bestBuyNoCost': None, 'bestSellYesCost': None, 'bestSellNoCost': 0.99, 'lastClosePrice': 0.01, 'displayOrder': 0}, {'id': 24734, 'dateEnd': '2021-01-20T11:59:00', 'image': 'https://az620379.vo.msecnd.net/images/Contracts/small_94022f5c-1fc4-4383-b80a-3972d131fad3.jpg', 'name': '221 to 224', 'shortName': '221 to 224', 'status': 'Open', 'lastTradePrice': 0.01, 'bestBuyYesCost': 0.01, 'bestBuyNoCost': None, 'bestSellYesCost': None, 'bestSellNoCost': 0.99, 'lastClosePrice': 0.01, 'displayOrder': 0}, {'id': 24735, 'dateEnd': '2021-01-20T11:59:00', 'image': 'https://az620379.vo.msecnd.net/images/Contracts/small_94022f5c-1fc4-4383-b80a-3972d131fad3.jpg', 'name': '225 to 228', 'shortName': '225 to 228', 'status': 'Open', 'lastTradePrice': 0.01, 'bestBuyYesCost': 0.01, 'bestBuyNoCost': None, 'bestSellYesCost': None, 'bestSellNoCost': 0.99, 'lastClosePrice': 0.01, 'displayOrder': 0}, {'id': 24736, 'dateEnd': '2021-01-20T11:59:00', 'image': 'https://az620379.vo.msecnd.net/images/Contracts/small_94022f5c-1fc4-4383-b80a-3972d131fad3.jpg', 'name': '229 to 232', 'shortName': '229 to 232', 'status': 'Open', 'lastTradePrice': 0.99, 'bestBuyYesCost': None, 'bestBuyNoCost': 0.02, 'bestSellYesCost': 0.98, 'bestSellNoCost': None, 'lastClosePrice': 0.99, 'displayOrder': 0}, {'id': 24737, 'dateEnd': '2021-01-20T11:59:00', 'image': 'https://az620379.vo.msecnd.net/images/Contracts/small_94022f5c-1fc4-4383-b80a-3972d131fad3.jpg', 'name': '233 to 236', 'shortName': '233 to 236', 'status': 'Open', 'lastTradePrice': 0.01, 'bestBuyYesCost': 0.01, 'bestBuyNoCost': None, 'bestSellYesCost': None, 'bestSellNoCost': 0.99, 'lastClosePrice': 0.01, 'displayOrder': 0}, {'id': 24739, 'dateEnd': '2021-01-20T11:59:00', 'image': 'https://az620379.vo.msecnd.net/images/Contracts/small_94022f5c-1fc4-4383-b80a-3972d131fad3.jpg', 'name': '237 to 240', 'shortName': '237 to 240', 'status': 'Open', 'lastTradePrice': 0.01, 'bestBuyYesCost': 0.01, 'bestBuyNoCost': None, 'bestSellYesCost': None, 'bestSellNoCost': 0.99, 'lastClosePrice': 0.01, 'displayOrder': 0}, {'id': 24740, 'dateEnd': '2021-01-20T11:59:00', 'image': 'https://az620379.vo.msecnd.net/images/Contracts/small_94022f5c-1fc4-4383-b80a-3972d131fad3.jpg', 'name': '241 to 244', 'shortName': '241 to 244', 'status': 'Open', 'lastTradePrice': 0.01, 'bestBuyYesCost': 0.01, 'bestBuyNoCost': None, 'bestSellYesCost': None, 'bestSellNoCost': 0.99, 'lastClosePrice': 0.01, 'displayOrder': 0}, {'id': 24741, 'dateEnd': '2021-01-20T11:59:00', 'image': 'https://az620379.vo.msecnd.net/images/Contracts/small_94022f5c-1fc4-4383-b80a-3972d131fad3.jpg', 'name': '245 to 248', 'shortName': '245 to 248', 'status': 'Open', 'lastTradePrice': 0.01, 'bestBuyYesCost': 0.01, 'bestBuyNoCost': None, 'bestSellYesCost': None, 'bestSellNoCost': 0.99, 'lastClosePrice': 0.01, 'displayOrder': 0}, {'id': 24738, 'dateEnd': '2021-01-20T11:59:00', 'image': 'https://az620379.vo.msecnd.net/images/Contracts/small_94022f5c-1fc4-4383-b80a-3972d131fad3.jpg', 'name': '249 or more', 'shortName': '249 or more', 'status': 'Open', 'lastTradePrice': 0.01, 'bestBuyYesCost': 0.01, 'bestBuyNoCost': None, 'bestSellYesCost': None, 'bestSellNoCost': 0.99, 'lastClosePrice': 0.01, 'displayOrder': 0}], 'timeStamp': '2021-01-17T10:27:54.1895544', 'status': 'Open'}"
"{'id': 7046, 'name': 'When will Jon Ossoff be sworn in as a U.S. Senator?', 'shortName': 'When will Ossoff become a Senator?', 'image': 'https://az620379.vo.msecnd.net/images/Markets/ac23250a-601e-4ab3-86f2-185cc3d89ffb.jpg', 'url': 'https://www.predictit.org/markets/detail/7046/When-will-Jon-Ossoff-be-sworn-in-as-a-US-Senator', 'contracts': [{'id': 24743, 'dateEnd': '2021-01-31T23:59:00', 'image': 'https://az620379.vo.msecnd.net/images/Contracts/small_ac23250a-601e-4ab3-86f2-185cc3d89ffb.jpg', 'name': 'Before January 20', 'shortName': 'Before January 20', 'status': 'Open', 'lastTradePrice': 0.03, 'bestBuyYesCost': 0.04, 'bestBuyNoCost': 0.97, 'bestSellYesCost': 0.03, 'bestSellNoCost': 0.96, 'lastClosePrice': 0.03, 'displayOrder': 0}, {'id': 24744, 'dateEnd': '2021-01-31T23:59:00', 'image': 'https://az620379.vo.msecnd.net/images/Contracts/small_ac23250a-601e-4ab3-86f2-185cc3d89ffb.jpg', 'name': 'January 20 or 21', 'shortName': 'January 20 or 21', 'status': 'Open', 'lastTradePrice': 0.75, 'bestBuyYesCost': 0.76, 'bestBuyNoCost': 0.25, 'bestSellYesCost': 0.75, 'bestSellNoCost': 0.24, 'lastClosePrice': 0.75, 'displayOrder': 1}, {'id': 24745, 'dateEnd': '2021-01-31T23:59:00', 'image': 'https://az620379.vo.msecnd.net/images/Contracts/small_ac23250a-601e-4ab3-86f2-185cc3d89ffb.jpg', 'name': 'January 22 or 23', 'shortName': 'January 22 or 23', 'status': 'Open', 'lastTradePrice': 0.18, 'bestBuyYesCost': 0.19, 'bestBuyNoCost': 0.82, 'bestSellYesCost': 0.18, 'bestSellNoCost': 0.81, 'lastClosePrice': 0.16, 'displayOrder': 2}, {'id': 24746, 'dateEnd': '2021-01-31T23:59:00', 'image': 'https://az620379.vo.msecnd.net/images/Contracts/small_ac23250a-601e-4ab3-86f2-185cc3d89ffb.jpg', 'name': 'January 24 or 25', 'shortName': 'January 24 or 25', 'status': 'Open', 'lastTradePrice': 0.05, 'bestBuyYesCost': 0.07, 'bestBuyNoCost': 0.95, 'bestSellYesCost': 0.05, 'bestSellNoCost': 0.93, 'lastClosePrice': 0.05, 'displayOrder': 3}, {'id': 24747, 'dateEnd': '2021-01-31T23:59:00', 'image': 'https://az620379.vo.msecnd.net/images/Contracts/small_ac23250a-601e-4ab3-86f2-185cc3d89ffb.jpg', 'name': 'January 26 or 27', 'shortName': 'January 26 or 27', 'status': 'Open', 'lastTradePrice': 0.02, 'bestBuyYesCost': 0.03, 'bestBuyNoCost': 0.98, 'bestSellYesCost': 0.02, 'bestSellNoCost': 0.97, 'lastClosePrice': 0.02, 'displayOrder': 4}, {'id': 24748, 'dateEnd': '2021-01-31T23:59:00', 'image': 'https://az620379.vo.msecnd.net/images/Contracts/small_ac23250a-601e-4ab3-86f2-185cc3d89ffb.jpg', 'name': 'January 28 or 29', 'shortName': 'January 28 or 29', 'status': 'Open', 'lastTradePrice': 0.01, 'bestBuyYesCost': 0.01, 'bestBuyNoCost': None, 'bestSellYesCost': None, 'bestSellNoCost': 0.99, 'lastClosePrice': 0.01, 'displayOrder': 5}, {'id': 24749, 'dateEnd': '2021-01-31T23:59:00', 'image': 'https://az620379.vo.msecnd.net/images/Contracts/small_ac23250a-601e-4ab3-86f2-185cc3d89ffb.jpg', 'name': 'January 30 or 31', 'shortName': 'January 30 or 31', 'status': 'Open', 'lastTradePrice': 0.01, 'bestBuyYesCost': 0.01, 'bestBuyNoCost': None, 'bestSellYesCost': None, 'bestSellNoCost': 0.99, 'lastClosePrice': 0.01, 'displayOrder': 6}, {'id': 24750, 'dateEnd': '2021-01-31T23:59:00', 'image': 'https://az620379.vo.msecnd.net/images/Contracts/small_ac23250a-601e-4ab3-86f2-185cc3d89ffb.jpg', 'name': 'February 1 or later', 'shortName': 'Feb. 1 or later', 'status': 'Open', 'lastTradePrice': 0.03, 'bestBuyYesCost': 0.04, 'bestBuyNoCost': 0.97, 'bestSellYesCost': 0.03, 'bestSellNoCost': 0.96, 'lastClosePrice': 0.03, 'displayOrder': 7}], 'timeStamp': '2021-01-17T10:27:54.1895544', 'status': 'Open'}"
"{'id': 7048, 'name': 'When will Raphael Warnock be sworn in as a U.S. Senator?', 'shortName': 'When will Warnock become a Senator?', 'image': 'https://az620379.vo.msecnd.net/images/Markets/04db95ab-2e1e-49af-8078-f990d0234487.jpg', 'url': 'https://www.predictit.org/markets/detail/7048/When-will-Raphael-Warnock-be-sworn-in-as-a-US-Senator', 'contracts': [{'id': 24759, 'dateEnd': '2021-01-31T23:59:00', 'image': 'https://az620379.vo.msecnd.net/images/Contracts/small_04db95ab-2e1e-49af-8078-f990d0234487.jpg', 'name': 'Before January 20', 'shortName': 'Before January 20', 'status': 'Open', 'lastTradePrice': 0.03, 'bestBuyYesCost': 0.04, 'bestBuyNoCost': 0.97, 'bestSellYesCost': 0.03, 'bestSellNoCost': 0.96, 'lastClosePrice': 0.04, 'displayOrder': 0}, {'id': 24760, 'dateEnd': '2021-01-31T23:59:00', 'image': 'https://az620379.vo.msecnd.net/images/Contracts/small_04db95ab-2e1e-49af-8078-f990d0234487.jpg', 'name': 'January 20 or 21', 'shortName': 'January 20 or 21', 'status': 'Open', 'lastTradePrice': 0.76, 'bestBuyYesCost': 0.77, 'bestBuyNoCost': 0.24, 'bestSellYesCost': 0.76, 'bestSellNoCost': 0.23, 'lastClosePrice': 0.76, 'displayOrder': 1}, {'id': 24761, 'dateEnd': '2021-01-31T23:59:00', 'image': 'https://az620379.vo.msecnd.net/images/Contracts/small_04db95ab-2e1e-49af-8078-f990d0234487.jpg', 'name': 'January 22 or 23', 'shortName': 'January 22 or 23', 'status': 'Open', 'lastTradePrice': 0.18, 'bestBuyYesCost': 0.19, 'bestBuyNoCost': 0.82, 'bestSellYesCost': 0.18, 'bestSellNoCost': 0.81, 'lastClosePrice': 0.17, 'displayOrder': 2}, {'id': 24762, 'dateEnd': '2021-01-31T23:59:00', 'image': 'https://az620379.vo.msecnd.net/images/Contracts/small_04db95ab-2e1e-49af-8078-f990d0234487.jpg', 'name': 'January 24 or 25', 'shortName': 'January 24 or 25', 'status': 'Open', 'lastTradePrice': 0.05, 'bestBuyYesCost': 0.06, 'bestBuyNoCost': 0.95, 'bestSellYesCost': 0.05, 'bestSellNoCost': 0.94, 'lastClosePrice': 0.05, 'displayOrder': 3}, {'id': 24763, 'dateEnd': '2021-01-31T23:59:00', 'image': 'https://az620379.vo.msecnd.net/images/Contracts/small_04db95ab-2e1e-49af-8078-f990d0234487.jpg', 'name': 'January 26 or 27', 'shortName': 'January 26 or 27', 'status': 'Open', 'lastTradePrice': 0.02, 'bestBuyYesCost': 0.03, 'bestBuyNoCost': 0.98, 'bestSellYesCost': 0.02, 'bestSellNoCost': 0.97, 'lastClosePrice': 0.02, 'displayOrder': 4}, {'id': 24764, 'dateEnd': '2021-01-31T23:59:00', 'image': 'https://az620379.vo.msecnd.net/images/Contracts/small_04db95ab-2e1e-49af-8078-f990d0234487.jpg', 'name': 'January 28 or 29', 'shortName': 'January 28 or 29', 'status': 'Open', 'lastTradePrice': 0.01, 'bestBuyYesCost': 0.02, 'bestBuyNoCost': 0.99, 'bestSellYesCost': 0.01, 'bestSellNoCost': 0.98, 'lastClosePrice': 0.01, 'displayOrder': 5}, {'id': 24765, 'dateEnd': '2021-01-31T23:59:00', 'image': 'https://az620379.vo.msecnd.net/images/Contracts/small_04db95ab-2e1e-49af-8078-f990d0234487.jpg', 'name': 'January 30 or 31', 'shortName': 'January 30 or 31', 'status': 'Open', 'lastTradePrice': 0.01, 'bestBuyYesCost': 0.01, 'bestBuyNoCost': None, 'bestSellYesCost': None, 'bestSellNoCost': 0.99, 'lastClosePrice': 0.01, 'displayOrder': 6}, {'id': 24766, 'dateEnd': '2021-01-31T23:59:00', 'image': 'https://az620379.vo.msecnd.net/images/Contracts/small_04db95ab-2e1e-49af-8078-f990d0234487.jpg', 'name': 'February 1 or later', 'shortName': 'Feb. 1 or later', 'status': 'Open', 'lastTradePrice': 0.03, 'bestBuyYesCost': 0.04, 'bestBuyNoCost': 0.97, 'bestSellYesCost': 0.03, 'bestSellNoCost': 0.96, 'lastClosePrice': 0.03, 'displayOrder': 7}], 'timeStamp': '2021-01-17T10:27:54.1895544', 'status': 'Open'}"
"{'id': 7050, 'name': ""Will the Senate convict Donald Trump in Biden's first 100 days?"", 'shortName': 'Senate convicts Trump in Biden 100 days?', 'image': 'https://az620379.vo.msecnd.net/images/Markets/db58b806-371f-4a71-9255-43cef921d5f3.jpg', 'url': ""https://www.predictit.org/markets/detail/7050/Will-the-Senate-convict-Donald-Trump-in-Biden's-first-100-days"", 'contracts': [{'id': 24777, 'dateEnd': '2021-04-29T23:59:00', 'image': 'https://az620379.vo.msecnd.net/images/Contracts/db58b806-371f-4a71-9255-43cef921d5f3.jpg', 'name': ""Will the Senate convict Donald Trump in Biden's first 100 days?"", 'shortName': 'Senate convicts Trump in Biden 100 days?', 'status': 'Open', 'lastTradePrice': 0.29, 'bestBuyYesCost': 0.29, 'bestBuyNoCost': 0.72, 'bestSellYesCost': 0.28, 'bestSellNoCost': 0.71, 'lastClosePrice': 0.27, 'displayOrder': 0}], 'timeStamp': '2021-01-17T10:27:54.1895544', 'status': 'Open'}"
"{'id': 7051, 'name': 'Will Lisa Murkowski be a Republican on April 1?', 'shortName': 'Will Murkowski be a Republican on 4/1?', 'image': 'https://az620379.vo.msecnd.net/images/Markets/6feaa717-2cc0-49da-850e-3974668c10d4.jpg', 'url': 'https://www.predictit.org/markets/detail/7051/Will-Lisa-Murkowski-be-a-Republican-on-April-1', 'contracts': [{'id': 24778, 'dateEnd': '2021-04-01T00:01:00', 'image': 'https://az620379.vo.msecnd.net/images/Contracts/small_6feaa717-2cc0-49da-850e-3974668c10d4.jpg', 'name': 'Will Lisa Murkowski be a Republican on April 1?', 'shortName': 'Will Murkowski be a Republican on 4/1?', 'status': 'Open', 'lastTradePrice': 0.82, 'bestBuyYesCost': 0.82, 'bestBuyNoCost': 0.19, 'bestSellYesCost': 0.81, 'bestSellNoCost': 0.18, 'lastClosePrice': 0.82, 'displayOrder': 0}], 'timeStamp': '2021-01-17T10:27:54.1895544', 'status': 'Open'}"
"{'id': 7052, 'name': 'Who will win the German CDU leadership election?', 'shortName': 'CDU leadership election winner?', 'image': 'https://az620379.vo.msecnd.net/images/Markets/8fe12bf3-c09f-4436-81a0-63a1dca5f74e.jpg', 'url': 'https://www.predictit.org/markets/detail/7052/Who-will-win-the-German-CDU-leadership-election', 'contracts': [{'id': 24780, 'dateEnd': 'NA', 'image': 'https://az620379.vo.msecnd.net/images/Contracts/small_ac851ce2-8476-4fc4-9066-ed6765293d9d.jpg', 'name': 'Armin Laschet', 'shortName': 'Laschet', 'status': 'Open', 'lastTradePrice': 0.99, 'bestBuyYesCost': None, 'bestBuyNoCost': 0.01, 'bestSellYesCost': 0.99, 'bestSellNoCost': None, 'lastClosePrice': 0.99, 'displayOrder': 0}, {'id': 24779, 'dateEnd': 'NA', 'image': 'https://az620379.vo.msecnd.net/images/Contracts/small_ffe4f835-cf58-4c4a-8293-40c2b9e3e2bd.jpg', 'name': 'Friedrich Merz', 'shortName': 'Merz', 'status': 'Open', 'lastTradePrice': 0.01, 'bestBuyYesCost': 0.01, 'bestBuyNoCost': None, 'bestSellYesCost': None, 'bestSellNoCost': 0.99, 'lastClosePrice': 0.01, 'displayOrder': 0}, {'id': 24781, 'dateEnd': 'NA', 'image': 'https://az620379.vo.msecnd.net/images/Contracts/small_4c6a03a1-54ef-4df1-8d46-c3940a25ea10.jpg', 'name': 'Norbert Röttgen', 'shortName': 'Röttgen', 'status': 'Open', 'lastTradePrice': 0.01, 'bestBuyYesCost': 0.01, 'bestBuyNoCost': None, 'bestSellYesCost': None, 'bestSellNoCost': 0.99, 'lastClosePrice': 0.01, 'displayOrder': 0}], 'timeStamp': '2021-01-17T10:27:54.1895544', 'status': 'Open'}"
"{'id': 7053, 'name': 'Who will win the 2024 Republican presidential nomination?', 'shortName': 'GOP 2024 presidential nominee?', 'image': 'https://az620379.vo.msecnd.net/images/Markets/b2def0a6-92a1-4247-bc77-ec76ebea642f.jpg', 'url': 'https://www.predictit.org/markets/detail/7053/Who-will-win-the-2024-Republican-presidential-nomination', 'contracts': [{'id': 24782, 'dateEnd': 'NA', 'image': 'https://az620379.vo.msecnd.net/images/Contracts/small_20003de6-fa6b-4fb5-82be-aba2bc8c02f9.jpg', 'name': 'Nikki Haley', 'shortName': 'Haley', 'status': 'Open', 'lastTradePrice': 0.18, 'bestBuyYesCost': 0.18, 'bestBuyNoCost': 0.83, 'bestSellYesCost': 0.17, 'bestSellNoCost': 0.82, 'lastClosePrice': 0.17, 'displayOrder': 0}, {'id': 24787, 'dateEnd': 'NA', 'image': 'https://az620379.vo.msecnd.net/images/Contracts/small_36231f71-30ba-47c1-8f5d-c7481e014c11.jpg', 'name': 'Donald Trump', 'shortName': 'Trump', 'status': 'Open', 'lastTradePrice': 0.18, 'bestBuyYesCost': 0.19, 'bestBuyNoCost': 0.82, 'bestSellYesCost': 0.18, 'bestSellNoCost': 0.81, 'lastClosePrice': 0.18, 'displayOrder': 0}, {'id': 24789, 'dateEnd': 'NA', 'image': 'https://az620379.vo.msecnd.net/images/Contracts/small_3074a2e1-9027-4c1c-a50f-18db9c0a9bd4.jpg', 'name': 'Mike Pence', 'shortName': 'Pence', 'status': 'Open', 'lastTradePrice': 0.12, 'bestBuyYesCost': 0.13, 'bestBuyNoCost': 0.88, 'bestSellYesCost': 0.12, 'bestSellNoCost': 0.87, 'lastClosePrice': 0.12, 'displayOrder': 0}, {'id': 24785, 'dateEnd': 'NA', 'image': 'https://az620379.vo.msecnd.net/images/Contracts/small_405ebd48-c0d6-45ba-896d-d5cc56b464b9.jpg', 'name': 'Ted Cruz', 'shortName': 'Cruz', 'status': 'Open', 'lastTradePrice': 0.09, 'bestBuyYesCost': 0.09, 'bestBuyNoCost': 0.92, 'bestSellYesCost': 0.08, 'bestSellNoCost': 0.91, 'lastClosePrice': 0.08, 'displayOrder': 0}, {'id': 24791, 'dateEnd': 'NA', 'image': 'https://az620379.vo.msecnd.net/images/Contracts/small_e3e5d1e1-db5f-4379-bf5b-af47e874e943.jpg', 'name': 'Marco Rubio', 'shortName': 'Rubio', 'status': 'Open', 'lastTradePrice': 0.07, 'bestBuyYesCost': 0.07, 'bestBuyNoCost': 0.94, 'bestSellYesCost': 0.06, 'bestSellNoCost': 0.93, 'lastClosePrice': 0.06, 'displayOrder': 0}, {'id': 24792, 'dateEnd': 'NA', 'image': 'https://az620379.vo.msecnd.net/images/Contracts/small_683be142-e62f-4597-bc39-00fb2e2cb373.jpg', 'name': 'Josh Hawley', 'shortName': 'Hawley', 'status': 'Open', 'lastTradePrice': 0.07, 'bestBuyYesCost': 0.08, 'bestBuyNoCost': 0.93, 'bestSellYesCost': 0.07, 'bestSellNoCost': 0.92, 'lastClosePrice': 0.07, 'displayOrder': 0}, {'id': 24784, 'dateEnd': 'NA', 'image': 'https://az620379.vo.msecnd.net/images/Contracts/small_bbfdd2ed-95d5-43a3-bf5d-2403503705b0.jpg', 'name': 'Mitt Romney', 'shortName': 'Romney', 'status': 'Open', 'lastTradePrice': 0.06, 'bestBuyYesCost': 0.06, 'bestBuyNoCost': 0.95, 'bestSellYesCost': 0.05, 'bestSellNoCost': 0.94, 'lastClosePrice': 0.05, 'displayOrder': 0}, {'id': 24788, 'dateEnd': 'NA', 'image': 'https://az620379.vo.msecnd.net/images/Contracts/small_9fbc3103-49b8-4f93-a1ce-79ff5fe31957.jpg', 'name': 'Tom Cotton', 'shortName': 'Cotton', 'status': 'Open', 'lastTradePrice': 0.06, 'bestBuyYesCost': 0.06, 'bestBuyNoCost': 0.95, 'bestSellYesCost': 0.05, 'bestSellNoCost': 0.94, 'lastClosePrice': 0.05, 'displayOrder': 0}, {'id': 24790, 'dateEnd': 'NA', 'image': 'https://az620379.vo.msecnd.net/images/Contracts/small_2badfab5-24b6-4e6d-8988-19c135639222.jpg', 'name': 'Donald Trump Jr.', 'shortName': 'Trump Jr.', 'status': 'Open', 'lastTradePrice': 0.06, 'bestBuyYesCost': 0.07, 'bestBuyNoCost': 0.94, 'bestSellYesCost': 0.06, 'bestSellNoCost': 0.93, 'lastClosePrice': 0.06, 'displayOrder': 0}, {'id': 24786, 'dateEnd': 'NA', 'image': 'https://az620379.vo.msecnd.net/images/Contracts/small_851a6d14-5083-4680-91f6-419ec2d02a14.jpg', 'name': 'Tucker Carlson', 'shortName': 'Carlson', 'status': 'Open', 'lastTradePrice': 0.05, 'bestBuyYesCost': 0.06, 'bestBuyNoCost': 0.95, 'bestSellYesCost': 0.05, 'bestSellNoCost': 0.94, 'lastClosePrice': 0.06, 'displayOrder': 0}, {'id': 24783, 'dateEnd': 'NA', 'image': 'https://az620379.vo.msecnd.net/images/Contracts/small_58b5f881-b587-4333-880b-024bc39922e8.jpg', 'name': 'Mike Pompeo', 'shortName': 'Pompeo', 'status': 'Open', 'lastTradePrice': 0.04, 'bestBuyYesCost': 0.05, 'bestBuyNoCost': 0.96, 'bestSellYesCost': 0.04, 'bestSellNoCost': 0.95, 'lastClosePrice': 0.04, 'displayOrder': 0}, {'id': 24793, 'dateEnd': 'NA', 'image': 'https://az620379.vo.msecnd.net/images/Contracts/small_958885c8-c04c-4ad3-b64e-fe33e9af83cc.jpg', 'name': 'Tim Scott', 'shortName': 'T. Scott', 'status': 'Open', 'lastTradePrice': 0.04, 'bestBuyYesCost': 0.05, 'bestBuyNoCost': 0.96, 'bestSellYesCost': 0.04, 'bestSellNoCost': 0.95, 'lastClosePrice': 0.04, 'displayOrder': 0}, {'id': 24794, 'dateEnd': 'NA', 'image': 'https://az620379.vo.msecnd.net/images/Contracts/small_e3ff1357-c8f6-4498-a5d6-12580eca75b7.jpg', 'name': 'Rick Scott', 'shortName': 'R. Scott', 'status': 'Open', 'lastTradePrice': 0.04, 'bestBuyYesCost': 0.05, 'bestBuyNoCost': 0.96, 'bestSellYesCost': 0.04, 'bestSellNoCost': 0.95, 'lastClosePrice': 0.04, 'displayOrder': 0}], 'timeStamp': '2021-01-17T10:27:54.1895544', 'status': 'Open'}"
"{'id': 7054, 'name': 'How many Senators will vote to convict Donald Trump on incitement by Apr. 29?', 'shortName': 'Votes to convict on incitement by 4/29?', 'image': 'https://az620379.vo.msecnd.net/images/Markets/8002a45a-71a0-45fd-a57d-85ff5954ebf5.jpg', 'url': 'https://www.predictit.org/markets/detail/7054/How-many-Senators-will-vote-to-convict-Donald-Trump-on-incitement-by-Apr-29', 'contracts': [{'id': 24795, 'dateEnd': '2021-04-29T23:59:00', 'image': 'https://az620379.vo.msecnd.net/images/Contracts/small_8002a45a-71a0-45fd-a57d-85ff5954ebf5.jpg', 'name': '50 or fewer', 'shortName': '50 or fewer', 'status': 'Open', 'lastTradePrice': 0.12, 'bestBuyYesCost': 0.13, 'bestBuyNoCost': 0.88, 'bestSellYesCost': 0.12, 'bestSellNoCost': 0.87, 'lastClosePrice': 0.13, 'displayOrder': 0}, {'id': 24796, 'dateEnd': '2021-04-29T23:59:00', 'image': 'https://az620379.vo.msecnd.net/images/Contracts/small_8002a45a-71a0-45fd-a57d-85ff5954ebf5.jpg', 'name': '51 or 52', 'shortName': '51 or 52', 'status': 'Open', 'lastTradePrice': 0.09, 'bestBuyYesCost': 0.1, 'bestBuyNoCost': 0.91, 'bestSellYesCost': 0.09, 'bestSellNoCost': 0.9, 'lastClosePrice': 0.08, 'displayOrder': 0}, {'id': 24797, 'dateEnd': '2021-04-29T23:59:00', 'image': 'https://az620379.vo.msecnd.net/images/Contracts/small_8002a45a-71a0-45fd-a57d-85ff5954ebf5.jpg', 'name': '53 or 54', 'shortName': '53 or 54', 'status': 'Open', 'lastTradePrice': 0.14, 'bestBuyYesCost': 0.15, 'bestBuyNoCost': 0.86, 'bestSellYesCost': 0.14, 'bestSellNoCost': 0.85, 'lastClosePrice': 0.14, 'displayOrder': 0}, {'id': 24798, 'dateEnd': '2021-04-29T23:59:00', 'image': 'https://az620379.vo.msecnd.net/images/Contracts/small_8002a45a-71a0-45fd-a57d-85ff5954ebf5.jpg', 'name': '55 or 56', 'shortName': '55 or 56', 'status': 'Open', 'lastTradePrice': 0.16, 'bestBuyYesCost': 0.17, 'bestBuyNoCost': 0.84, 'bestSellYesCost': 0.16, 'bestSellNoCost': 0.83, 'lastClosePrice': 0.16, 'displayOrder': 0}, {'id': 24799, 'dateEnd': '2021-04-29T23:59:00', 'image': 'https://az620379.vo.msecnd.net/images/Contracts/small_8002a45a-71a0-45fd-a57d-85ff5954ebf5.jpg', 'name': '57 or 58', 'shortName': '57 or 58', 'status': 'Open', 'lastTradePrice': 0.13, 'bestBuyYesCost': 0.14, 'bestBuyNoCost': 0.87, 'bestSellYesCost': 0.13, 'bestSellNoCost': 0.86, 'lastClosePrice': 0.13, 'displayOrder': 0}, {'id': 24800, 'dateEnd': '2021-04-29T23:59:00', 'image': 'https://az620379.vo.msecnd.net/images/Contracts/small_8002a45a-71a0-45fd-a57d-85ff5954ebf5.jpg', 'name': '59 or 60', 'shortName': '59 or 60', 'status': 'Open', 'lastTradePrice': 0.08, 'bestBuyYesCost': 0.09, 'bestBuyNoCost': 0.92, 'bestSellYesCost': 0.08, 'bestSellNoCost': 0.91, 'lastClosePrice': 0.08, 'displayOrder': 0}, {'id': 24801, 'dateEnd': '2021-04-29T23:59:00', 'image': 'https://az620379.vo.msecnd.net/images/Contracts/small_8002a45a-71a0-45fd-a57d-85ff5954ebf5.jpg', 'name': '61 or 62', 'shortName': '61 or 62', 'status': 'Open', 'lastTradePrice': 0.06, 'bestBuyYesCost': 0.07, 'bestBuyNoCost': 0.94, 'bestSellYesCost': 0.06, 'bestSellNoCost': 0.93, 'lastClosePrice': 0.06, 'displayOrder': 0}, {'id': 24802, 'dateEnd': '2021-04-29T23:59:00', 'image': 'https://az620379.vo.msecnd.net/images/Contracts/small_8002a45a-71a0-45fd-a57d-85ff5954ebf5.jpg', 'name': '63 or 64', 'shortName': '63 or 64', 'status': 'Open', 'lastTradePrice': 0.05, 'bestBuyYesCost': 0.06, 'bestBuyNoCost': 0.95, 'bestSellYesCost': 0.05, 'bestSellNoCost': 0.94, 'lastClosePrice': 0.05, 'displayOrder': 0}, {'id': 24803, 'dateEnd': '2021-04-29T23:59:00', 'image': 'https://az620379.vo.msecnd.net/images/Contracts/small_8002a45a-71a0-45fd-a57d-85ff5954ebf5.jpg', 'name': '65 or 66', 'shortName': '65 or 66', 'status': 'Open', 'lastTradePrice': 0.05, 'bestBuyYesCost': 0.06, 'bestBuyNoCost': 0.95, 'bestSellYesCost': 0.05, 'bestSellNoCost': 0.94, 'lastClosePrice': 0.05, 'displayOrder': 0}, {'id': 24804, 'dateEnd': '2021-04-29T23:59:00', 'image': 'https://az620379.vo.msecnd.net/images/Contracts/small_8002a45a-71a0-45fd-a57d-85ff5954ebf5.jpg', 'name': '67 or more', 'shortName': '67 or more', 'status': 'Open', 'lastTradePrice': 0.23, 'bestBuyYesCost': 0.24, 'bestBuyNoCost': 0.77, 'bestSellYesCost': 0.23, 'bestSellNoCost': 0.76, 'lastClosePrice': 0.23, 'displayOrder': 0}], 'timeStamp': '2021-01-17T10:27:54.1895544', 'status': 'Open'}"
"{'id': 7055, 'name': 'Will Mitch McConnell vote to convict on incitement by Apr. 29?', 'shortName': 'McConnell vote to convict Trump by 4/29?', 'image': 'https://az620379.vo.msecnd.net/images/Markets/831a648f-f322-4b45-b685-82c1fc3b6b0a.jpg', 'url': 'https://www.predictit.org/markets/detail/7055/Will-Mitch-McConnell-vote-to-convict-on-incitement-by-Apr-29', 'contracts': [{'id': 24805, 'dateEnd': '2021-04-29T23:59:00', 'image': 'https://az620379.vo.msecnd.net/images/Contracts/small_831a648f-f322-4b45-b685-82c1fc3b6b0a.jpg', 'name': 'Will Mitch McConnell vote to convict on incitement by Apr. 29?', 'shortName': 'McConnell vote to convict Trump by 4/29?', 'status': 'Open', 'lastTradePrice': 0.37, 'bestBuyYesCost': 0.37, 'bestBuyNoCost': 0.64, 'bestSellYesCost': 0.36, 'bestSellNoCost': 0.63, 'lastClosePrice': 0.36, 'displayOrder': 0}], 'timeStamp': '2021-01-17T10:27:54.1895544', 'status': 'Open'}"
